155.485000	-11.349000
155.876000	-11.779000
156.266000	-11.256000
156.656000	-11.046000
157.046000	-11.022000
157.436000	-10.743000
157.826000	-11.043000
158.216000	-11.389000
158.606000	-11.277000
158.996000	-11.180000
159.386000	-11.220000
159.776000	-10.874000
160.166000	-10.837000
160.556000	-10.516000
160.945000	-10.372000
161.335000	-10.468000
161.725000	-10.373000
162.114000	-10.437000
162.504000	-10.446000
162.894000	-10.524000
163.283000	-10.458000
163.673000	-10.369000
164.062000	-10.485000
164.452000	-10.471000
164.841000	-10.258000
165.230000	-10.659000
165.620000	-10.746000
166.009000	-10.934000
166.398000	-10.929000
166.787000	-10.833000
167.177000	-11.018000
167.566000	-11.121000
167.955000	-10.930000
168.344000	-11.217000
168.733000	-11.108000
169.122000	-11.218000
169.511000	-11.091000
169.900000	-11.521000
170.289000	-10.974000
170.678000	-10.988000
171.066000	-10.520000
171.455000	-10.004000
171.844000	-9.898000
172.233000	-9.896000
172.621000	-9.733000
173.010000	-9.861000
173.398000	-10.131000
173.787000	-9.988000
174.176000	-9.791000
174.564000	-9.648000
174.952000	-9.663000
175.341000	-9.566000
175.729000	-9.881000
176.118000	-9.579000
176.506000	-9.084000
176.894000	-9.263000
177.282000	-9.185000
177.671000	-8.958000
178.059000	-8.712000
178.447000	-8.835000
178.835000	-8.803000
179.223000	-8.604000
179.611000	-8.333000
179.999000	-8.645000
180.387000	-8.265000
180.775000	-8.181000
181.163000	-8.087000
181.550000	-7.665000
181.938000	-7.200000
182.326000	-6.755000
182.714000	-6.759000
183.101000	-6.380000
183.489000	-6.235000
183.876000	-6.030000
184.264000	-5.764000
184.652000	-5.796000
185.039000	-5.341000
185.427000	-5.382000
185.814000	-5.142000
186.201000	-4.677000
186.589000	-4.318000
186.976000	-3.902000
187.363000	-3.934000
187.750000	-3.592000
188.138000	-3.725000
188.525000	-3.827000
188.912000	-3.313000
189.299000	-2.995000
189.686000	-3.011000
190.073000	-2.835000
190.460000	-2.882000
190.847000	-2.367000
191.234000	-2.305000
191.621000	-2.209000
192.007000	-1.869000
192.394000	-1.908000
192.781000	-1.697000
193.168000	-1.449000
193.554000	-0.898000
193.941000	-0.839000
194.328000	-0.914000
194.714000	-0.698000
195.101000	-0.317000
195.487000	-0.107000
195.874000	0.335000
196.260000	0.327000
196.646000	0.825000
197.033000	0.910000
197.419000	1.414000
197.805000	0.678000
198.191000	1.239000
198.578000	1.417000
198.964000	1.571000
199.350000	1.971000
199.736000	2.202000
200.122000	2.474000
200.508000	2.568000
200.894000	2.940000
201.280000	3.225000
201.666000	3.343000
202.052000	3.827000
202.437000	4.010000
202.823000	3.869000
203.209000	4.122000
203.595000	4.425000
203.980000	3.997000
204.366000	4.358000
204.751000	4.300000
205.137000	4.548000
205.522000	4.789000
205.908000	4.333000
206.293000	4.319000
206.679000	4.568000
207.064000	4.407000
207.449000	4.342000
207.835000	4.166000
208.220000	4.153000
208.605000	3.865000
208.990000	4.069000
209.375000	4.201000
209.760000	3.614000
210.146000	3.433000
210.531000	3.379000
210.916000	3.574000
211.300000	3.775000
211.685000	4.301000
212.070000	4.477000
212.455000	4.134000
212.840000	4.320000
213.225000	4.694000
213.609000	4.643000
213.994000	4.893000
214.379000	4.672000
214.763000	4.886000
215.148000	4.609000
215.532000	4.697000
215.917000	4.659000
216.301000	4.557000
216.686000	4.433000
217.070000	3.957000
217.454000	3.754000
217.839000	3.855000
218.223000	3.727000
218.607000	3.281000
218.991000	3.469000
219.375000	3.029000
219.760000	3.071000
220.144000	2.388000
220.528000	2.805000
220.912000	2.534000
221.296000	3.226000
221.680000	2.772000
222.063000	2.826000
222.447000	2.554000
222.831000	2.826000
223.215000	2.569000
223.599000	2.794000
223.982000	3.062000
224.366000	2.883000
224.749000	2.871000
225.133000	2.669000
225.517000	2.050000
225.900000	2.196000
226.284000	2.623000
226.667000	2.499000
227.050000	2.022000
227.434000	1.972000
227.817000	1.917000
228.200000	1.701000
228.583000	1.179000
228.967000	0.947000
229.350000	1.193000
229.733000	1.062000
230.116000	0.736000
230.499000	1.138000
230.882000	1.054000
231.265000	0.639000
231.648000	0.764000
232.031000	0.744000
232.414000	0.510000
232.796000	0.240000
233.179000	0.515000
233.562000	0.320000
233.945000	-0.042000
234.327000	-0.172000
234.710000	-0.387000
235.092000	-0.697000
235.475000	-0.898000
235.858000	-1.208000
236.240000	-1.641000
236.622000	-1.779000
237.005000	-1.669000
237.387000	-1.651000
237.769000	-1.624000
238.152000	-1.753000
238.534000	-1.596000
238.916000	-1.802000
239.298000	-1.367000
239.680000	-1.237000
240.062000	-1.426000
240.444000	-1.288000
240.826000	-1.189000
241.208000	-1.095000
241.590000	-1.014000
241.972000	-1.038000
242.354000	-1.174000
242.736000	-0.806000
243.118000	-0.957000
243.499000	-0.950000
243.881000	-0.910000
244.263000	-0.601000
244.644000	-0.647000
245.026000	-0.790000
245.407000	-0.840000
245.789000	-0.681000
246.170000	-0.793000
246.552000	-0.676000
246.933000	-0.834000
247.315000	-0.913000
247.696000	-0.977000
248.077000	-1.119000
248.458000	-0.907000
248.839000	-0.507000
249.221000	-1.137000
249.602000	-1.408000
249.983000	-1.427000
250.364000	-0.999000
250.745000	-0.836000
251.126000	-0.548000
251.507000	-0.364000
251.888000	0.105000
252.268000	-0.038000
252.649000	0.192000
253.030000	0.437000
253.411000	0.342000
253.791000	0.067000
254.172000	0.422000
254.553000	0.696000
254.933000	0.706000
255.314000	1.171000
255.694000	1.249000
256.075000	1.661000
256.455000	1.427000
256.835000	1.810000
257.216000	1.886000
257.596000	1.851000
257.976000	2.042000
258.356000	2.154000
258.737000	2.247000
259.117000	2.925000
259.497000	3.198000
259.877000	3.375000
260.257000	3.250000
260.637000	3.028000
261.017000	3.257000
261.397000	2.920000
261.777000	2.980000
262.156000	3.056000
262.536000	2.835000
262.916000	2.646000
263.296000	3.248000
263.675000	3.071000
264.055000	2.946000
264.434000	2.752000
264.814000	2.856000
265.194000	3.014000
265.573000	3.360000
265.952000	3.533000
266.332000	3.602000
266.711000	3.827000
267.090000	3.636000
267.470000	3.384000
267.849000	3.307000
268.228000	3.465000
268.607000	3.358000
268.986000	3.440000
269.365000	3.025000
269.744000	2.968000
270.123000	2.690000
270.502000	2.376000
270.881000	2.180000
271.260000	2.134000
271.639000	1.754000
272.018000	1.957000
272.397000	2.373000
272.775000	2.304000
273.154000	2.334000
273.533000	2.406000
273.911000	2.800000
274.290000	2.562000
274.668000	2.816000
275.047000	2.733000
275.425000	2.626000
275.804000	2.454000
276.182000	2.678000
276.560000	2.639000
276.939000	2.146000
277.317000	1.721000
277.695000	1.728000
278.073000	1.912000
278.451000	1.174000
278.829000	0.639000
279.207000	0.408000
279.585000	0.558000
279.963000	0.721000
280.341000	0.821000
280.719000	1.176000
281.097000	0.624000
281.475000	0.828000
281.853000	1.256000
282.230000	1.444000
282.608000	1.376000
282.986000	1.631000
283.363000	1.536000
283.741000	1.763000
284.118000	1.619000
284.496000	1.601000
284.873000	1.461000
285.251000	1.473000
285.628000	1.413000
286.005000	1.434000
286.383000	0.852000
286.760000	1.193000
287.137000	1.303000
287.514000	1.660000
287.891000	1.075000
288.268000	0.677000
288.646000	0.535000
289.023000	0.278000
289.400000	0.367000
289.776000	0.236000
290.153000	0.351000
290.530000	0.231000
290.907000	0.368000
291.284000	0.865000
291.660000	0.690000
292.037000	0.413000
292.414000	0.805000
292.790000	0.909000
293.167000	0.964000
293.543000	1.308000
293.920000	1.615000
294.296000	2.197000
294.673000	2.537000
295.049000	2.385000
295.426000	2.466000
295.802000	2.471000
296.178000	2.553000
296.554000	2.358000
296.930000	2.016000
297.307000	1.962000
297.683000	1.352000
298.059000	1.097000
298.435000	1.267000
298.811000	0.581000
299.187000	0.261000
299.562000	0.570000
299.938000	0.977000
300.314000	1.062000
300.690000	1.167000
301.066000	1.106000
301.441000	1.429000
301.817000	2.166000
302.192000	2.195000
302.568000	2.087000
302.944000	1.651000
303.319000	1.827000
303.694000	1.180000
304.070000	1.609000
304.445000	1.612000
304.821000	1.135000
305.196000	0.861000
305.571000	0.652000
305.946000	0.511000
306.321000	0.917000
306.696000	0.595000
307.072000	0.547000
307.447000	0.971000
307.822000	0.921000
308.197000	0.470000
308.571000	0.582000
308.946000	0.334000
309.321000	0.320000
309.696000	0.172000
310.071000	-0.104000
310.445000	-0.251000
310.820000	0.007000
311.195000	-0.066000
311.569000	0.203000
311.944000	0.266000
312.318000	0.472000
312.693000	0.494000
313.067000	0.585000
313.442000	0.807000
313.816000	0.805000
314.190000	-0.197000
314.565000	-0.024000
314.939000	-0.095000
315.313000	-0.031000
315.687000	0.057000
316.061000	0.197000
316.435000	0.149000
316.809000	-0.018000
317.183000	-0.546000
317.557000	-0.683000
317.931000	-0.572000
318.305000	-0.811000
318.679000	-0.746000
319.052000	-0.764000
319.426000	-0.754000
319.800000	-0.803000
320.174000	-1.544000
320.547000	-1.148000
320.921000	-1.001000
321.294000	-0.926000
321.668000	-0.257000
322.041000	-0.167000
322.415000	-0.527000
322.788000	-0.148000
323.161000	0.041000
323.535000	-0.290000
323.908000	-0.393000
324.281000	-0.340000
324.654000	-0.263000
325.027000	-0.259000
325.400000	-0.079000
325.773000	0.020000
326.146000	0.065000
326.519000	0.454000
326.892000	0.115000
327.265000	-0.164000
327.638000	-0.513000
328.011000	-0.372000
328.383000	-0.180000
328.756000	-0.337000
329.129000	-0.799000
329.501000	-0.583000
329.874000	-0.586000
330.247000	-0.469000
330.619000	-1.023000
330.991000	-0.782000
331.364000	-0.661000
331.736000	-0.164000
332.109000	0.095000
332.481000	-0.108000
332.853000	0.088000
333.225000	-0.025000
333.598000	-0.211000
333.970000	0.188000
334.342000	-0.345000
334.714000	-0.697000
335.086000	-0.743000
335.458000	-0.847000
335.830000	-1.119000
336.202000	-1.345000
336.573000	-1.554000
336.945000	-1.239000
337.317000	-1.187000
337.689000	-0.752000
338.060000	-0.572000
338.432000	-0.762000
338.804000	-0.778000
339.175000	-0.837000
339.547000	-1.129000
339.918000	-1.356000
340.290000	-0.958000
340.661000	-0.799000
341.032000	-0.599000
341.404000	-0.723000
341.775000	-0.642000
342.146000	-0.449000
342.517000	-0.859000
342.888000	-0.106000
343.259000	-0.246000
343.630000	-0.359000
344.001000	-0.032000
344.372000	0.030000
344.743000	-0.242000
345.114000	0.065000
345.485000	-0.435000
345.856000	-0.496000
346.227000	-0.360000
346.597000	-0.380000
346.968000	-0.382000
347.339000	-0.304000
347.709000	-0.099000
348.080000	0.026000
348.450000	0.188000
348.821000	-0.344000
349.191000	-0.325000
349.562000	-0.010000
349.932000	0.075000
350.302000	0.384000
350.673000	0.261000
351.043000	0.253000
351.413000	0.174000
351.783000	0.489000
352.153000	0.884000
352.523000	0.987000
352.893000	0.855000
353.263000	1.464000
353.633000	1.683000
354.003000	1.380000
354.373000	1.211000
354.743000	1.296000
355.112000	1.235000
355.482000	1.242000
355.852000	1.051000
356.221000	1.090000
356.591000	1.179000
356.961000	1.405000
357.330000	1.644000
357.700000	1.589000
358.069000	1.918000
358.438000	1.843000
358.808000	2.268000
359.177000	2.365000
359.546000	2.766000
359.915000	2.822000
360.285000	2.360000
360.654000	2.071000
361.023000	2.375000
361.392000	2.344000
361.761000	2.231000
362.130000	2.596000
362.499000	2.651000
362.868000	2.568000
363.236000	2.113000
363.605000	2.143000
363.974000	2.244000
364.343000	2.084000
364.711000	2.303000
365.080000	2.845000
365.449000	2.476000
365.817000	2.811000
366.186000	2.897000
366.554000	2.446000
366.922000	2.331000
367.291000	2.804000
367.659000	2.643000
368.027000	2.712000
368.396000	2.099000
368.764000	2.152000
369.132000	2.374000
369.500000	2.317000
369.868000	2.004000
370.236000	1.468000
370.604000	1.238000
370.972000	1.268000
371.340000	1.797000
371.708000	1.714000
372.076000	1.613000
372.443000	1.301000
372.811000	1.233000
373.179000	1.166000
373.547000	1.322000
373.914000	1.656000
374.282000	1.343000
374.649000	0.804000
375.017000	0.442000
375.384000	0.360000
375.752000	0.433000
376.119000	0.066000
376.486000	-0.219000
376.853000	-0.058000
377.221000	-0.553000
377.588000	-0.236000
377.955000	-0.167000
378.322000	0.162000
378.689000	0.207000
379.056000	0.266000
379.423000	-0.394000
379.790000	-0.307000
380.157000	-0.424000
380.524000	-0.786000
380.891000	-0.418000
381.257000	-0.803000
381.624000	-0.891000
381.991000	-1.260000
382.357000	-1.543000
382.724000	-1.365000
383.090000	-1.443000
383.457000	-1.707000
383.823000	-1.909000
384.190000	-1.824000
384.556000	-1.807000
384.923000	-1.709000
385.289000	-2.120000
385.655000	-2.129000
386.021000	-1.891000
386.387000	-2.146000
386.754000	-2.150000
387.120000	-2.364000
387.486000	-2.502000
387.852000	-2.009000
388.218000	-2.181000
388.583000	-2.063000
388.949000	-2.080000
389.315000	-2.201000
389.681000	-2.692000
390.047000	-2.660000
390.412000	-2.386000
390.778000	-1.890000
391.144000	-1.843000
391.509000	-2.224000
391.875000	-2.148000
392.240000	-1.800000
392.605000	-1.736000
392.971000	-1.360000
393.336000	-1.852000
393.702000	-2.220000
394.067000	-2.242000
394.432000	-2.077000
394.797000	-2.154000
395.162000	-1.947000
395.527000	-1.848000
395.892000	-2.130000
396.257000	-2.548000
396.622000	-2.239000
396.987000	-2.172000
397.352000	-2.033000
397.717000	-2.215000
398.082000	-2.503000
398.446000	-1.648000
398.811000	-0.912000
399.176000	-0.971000
399.540000	-0.411000
399.905000	-0.773000
400.269000	-0.612000
400.634000	-0.660000
400.998000	-0.608000
401.363000	-0.972000
401.727000	-0.742000
402.091000	-1.151000
402.456000	-0.954000
402.820000	-0.926000
403.184000	-1.103000
403.548000	-1.433000
403.912000	-1.737000
404.276000	-1.717000
404.640000	-1.642000
405.004000	-1.731000
405.368000	-1.421000
405.732000	-1.148000
406.096000	-0.805000
406.460000	-0.882000
406.823000	-1.052000
407.187000	-1.157000
407.551000	-0.913000
407.914000	-0.745000
408.278000	-1.263000
408.641000	-1.210000
409.005000	-1.304000
409.368000	-1.729000
409.732000	-1.660000
410.095000	-2.328000
410.458000	-2.840000
410.822000	-2.729000
411.185000	-2.758000
411.548000	-2.687000
411.911000	-2.346000
412.274000	-2.272000
412.637000	-2.087000
413.000000	-2.062000
413.363000	-1.991000
413.726000	-2.060000
414.089000	-1.888000
414.452000	-2.126000
414.815000	-2.053000
415.177000	-2.202000
415.540000	-1.894000
415.903000	-1.678000
416.265000	-1.884000
416.628000	-1.900000
416.990000	-1.785000
417.353000	-1.737000
417.715000	-1.831000
418.078000	-1.784000
418.440000	-1.659000
418.802000	-1.704000
419.165000	-1.787000
419.527000	-1.691000
419.889000	-1.589000
420.251000	-1.407000
420.613000	-2.145000
420.975000	-2.923000
421.337000	-3.219000
421.699000	-3.431000
422.061000	-3.225000
422.423000	-3.684000
422.785000	-3.658000
423.147000	-3.711000
423.508000	-3.469000
423.870000	-3.091000
424.232000	-2.436000
424.593000	-2.693000
424.955000	-2.630000
425.316000	-2.781000
425.678000	-2.617000
426.039000	-2.484000
426.401000	-2.081000
426.762000	-1.861000
427.123000	-1.865000
427.484000	-2.441000
427.846000	-2.703000
428.207000	-3.151000
428.568000	-2.958000
428.929000	-3.129000
429.290000	-3.287000
429.651000	-3.346000
430.012000	-3.493000
430.373000	-3.326000
430.734000	-3.619000
431.095000	-3.781000
431.455000	-3.362000
431.816000	-3.740000
432.177000	-3.597000
432.537000	-3.399000
432.898000	-3.673000
433.258000	-3.866000
433.619000	-4.023000
433.979000	-3.804000
434.340000	-4.042000
434.700000	-4.703000
435.060000	-4.846000
435.421000	-5.062000
435.781000	-5.157000
436.141000	-5.394000
436.501000	-5.668000
436.861000	-5.642000
437.221000	-5.658000
437.581000	-5.523000
437.941000	-5.619000
438.301000	-5.198000
438.661000	-5.197000
439.021000	-4.977000
439.381000	-5.007000
439.741000	-4.862000
440.100000	-4.586000
440.460000	-4.824000
440.820000	-4.805000
441.179000	-4.974000
441.539000	-5.345000
441.898000	-5.420000
442.258000	-5.417000
442.617000	-5.337000
442.976000	-4.894000
443.336000	-4.645000
443.695000	-5.020000
444.054000	-5.474000
444.413000	-5.256000
444.772000	-5.495000
445.131000	-5.739000
445.490000	-5.801000
445.849000	-6.179000
446.208000	-6.398000
446.567000	-6.364000
446.926000	-6.372000
447.285000	-6.379000
447.644000	-6.327000
448.002000	-6.804000
448.361000	-7.129000
448.720000	-7.466000
449.078000	-7.912000
449.437000	-7.752000
449.795000	-7.845000
450.154000	-7.277000
450.512000	-7.319000
450.870000	-7.357000
451.229000	-6.964000
451.587000	-7.215000
451.945000	-6.934000
452.303000	-7.192000
452.662000	-7.226000
453.020000	-7.163000
453.378000	-7.150000
453.736000	-7.040000
454.094000	-7.160000
454.452000	-7.063000
454.809000	-7.209000
455.167000	-7.186000
455.525000	-7.070000
455.883000	-7.226000
456.241000	-7.038000
456.598000	-7.060000
456.956000	-7.501000
457.313000	-7.435000
457.671000	-7.310000
458.028000	-7.796000
458.386000	-7.739000
458.743000	-7.957000
459.100000	-8.097000
459.458000	-8.179000
459.815000	-8.480000
460.172000	-8.493000
460.529000	-8.606000
460.886000	-8.347000
461.243000	-8.443000
461.600000	-8.501000
461.957000	-9.002000
462.314000	-8.595000
462.671000	-8.867000
463.028000	-8.417000
463.385000	-8.089000
463.742000	-8.106000
464.098000	-8.229000
464.455000	-8.236000
464.812000	-8.129000
465.168000	-8.216000
465.525000	-7.847000
465.881000	-7.255000
466.237000	-7.248000
466.594000	-7.040000
466.950000	-6.935000
467.306000	-7.038000
467.663000	-7.021000
468.019000	-7.422000
468.375000	-7.542000
468.731000	-7.742000
469.087000	-7.677000
469.443000	-7.426000
469.799000	-6.818000
470.155000	-6.642000
470.511000	-5.953000
470.867000	-5.306000
471.223000	-5.074000
471.578000	-5.087000
471.934000	-5.936000
472.290000	-5.816000
472.645000	-5.565000
473.001000	-5.522000
473.356000	-5.650000
473.712000	-6.042000
474.067000	-5.829000
474.423000	-5.555000
474.778000	-5.495000
475.133000	-5.563000
475.489000	-5.390000
475.844000	-4.923000
476.199000	-4.725000
476.554000	-4.475000
476.909000	-4.290000
477.264000	-4.599000
477.619000	-4.624000
477.974000	-4.771000
478.329000	-4.567000
478.684000	-3.693000
479.039000	-3.752000
479.393000	-3.526000
479.748000	-3.009000
480.103000	-2.870000
480.457000	-2.431000
480.812000	-2.196000
481.166000	-2.257000
481.521000	-2.075000
481.875000	-1.865000
482.230000	-2.257000
482.584000	-2.782000
482.938000	-2.769000
483.293000	-2.975000
483.647000	-2.479000
484.001000	-2.413000
484.355000	-2.251000
484.709000	-2.150000
485.063000	-1.789000
485.417000	-1.912000
485.771000	-1.958000
486.125000	-1.983000
486.479000	-1.833000
486.832000	-1.825000
487.186000	-1.583000
487.540000	-1.469000
487.894000	-1.637000
488.247000	-1.454000
488.601000	-1.413000
488.954000	-0.913000
489.308000	-0.679000
489.661000	-0.163000
490.014000	0.130000
490.368000	0.286000
490.721000	0.066000
491.074000	-0.117000
491.427000	0.138000
491.781000	-0.191000
492.134000	-0.803000
492.487000	-1.203000
492.840000	-1.532000
493.193000	-1.200000
493.546000	-0.594000
493.898000	-0.645000
494.251000	-0.665000
494.604000	-0.620000
494.957000	-0.204000
495.309000	-0.042000
495.662000	-0.154000
496.015000	0.472000
496.367000	0.688000
496.720000	0.420000
497.072000	-0.022000
497.425000	-0.360000
497.777000	-0.649000
498.129000	-0.410000
498.482000	-0.224000
498.834000	0.058000
499.186000	0.099000
499.538000	-0.223000
499.890000	-0.107000
500.242000	-0.517000
500.594000	-0.631000
500.946000	-0.766000
501.298000	-0.814000
501.650000	-0.660000
502.002000	-1.052000
502.353000	-0.957000
502.705000	-0.396000
503.057000	-0.521000
503.408000	-0.718000
503.760000	-0.467000
504.111000	0.402000
504.463000	0.310000
504.814000	0.813000
505.166000	0.810000
505.517000	0.912000
505.868000	0.904000
506.220000	0.873000
506.571000	0.588000
506.922000	0.698000
507.273000	1.005000
507.624000	1.042000
507.975000	0.947000
508.326000	1.235000
508.677000	0.812000
509.028000	0.468000
509.379000	0.792000
509.730000	0.677000
510.080000	0.599000
510.431000	0.029000
510.782000	0.141000
511.132000	-0.137000
511.483000	-0.373000
511.833000	-0.524000
512.184000	-0.132000
512.534000	0.181000
512.885000	-0.355000
513.235000	-0.444000
513.585000	-0.062000
513.935000	0.114000
514.286000	0.304000
514.636000	-0.245000
514.986000	-0.700000
515.336000	-0.809000
515.686000	-0.087000
516.036000	-0.325000
516.386000	-0.517000
516.735000	-0.032000
517.085000	0.379000
517.435000	0.047000
517.785000	0.142000
518.134000	0.286000
518.484000	1.051000
518.834000	1.769000
519.183000	1.857000
519.533000	1.407000
519.882000	1.241000
520.231000	1.163000
520.581000	0.625000
520.930000	1.086000
521.279000	1.034000
521.628000	1.174000
521.978000	1.416000
522.327000	1.574000
522.676000	1.434000
523.025000	1.187000
523.374000	1.235000
523.723000	0.721000
524.071000	0.039000
524.420000	0.358000
524.769000	-0.005000
525.118000	0.170000
525.466000	-0.248000
525.815000	-0.169000
526.164000	-0.491000
526.512000	-0.542000
526.861000	-0.749000
527.209000	-0.630000
527.557000	-1.040000
527.906000	-0.940000
528.254000	-0.799000
528.602000	-1.400000
528.951000	-1.732000
529.299000	-1.789000
529.647000	-1.775000
529.995000	-1.582000
530.343000	-1.154000
530.691000	-1.020000
531.039000	-1.001000
531.387000	-0.587000
531.735000	-0.456000
532.082000	-0.602000
532.430000	-0.461000
532.778000	-0.534000
533.125000	-0.595000
533.473000	-0.579000
533.820000	-0.727000
534.168000	-0.448000
534.515000	-0.158000
534.863000	-0.111000
535.210000	0.176000
535.557000	0.258000
535.905000	0.467000
536.252000	0.328000
536.599000	0.436000
536.946000	-0.752000
537.293000	-0.694000
537.640000	-0.374000
537.987000	-0.789000
538.334000	-1.028000
538.681000	-0.979000
539.028000	-1.079000
539.375000	-1.244000
539.721000	-1.367000
540.068000	-2.235000
540.415000	-2.175000
540.761000	-2.416000
541.108000	-2.117000
541.454000	-2.456000
541.801000	-2.271000
542.147000	-2.083000
542.494000	-2.277000
542.840000	-2.756000
543.186000	-2.734000
543.532000	-3.150000
543.879000	-3.102000
544.225000	-2.980000
544.571000	-2.969000
544.917000	-3.084000
545.263000	-3.121000
545.609000	-3.785000
545.955000	-3.589000
546.300000	-3.555000
546.646000	-3.834000
546.992000	-4.185000
547.338000	-4.201000
547.683000	-4.341000
548.029000	-4.040000
548.374000	-4.313000
548.720000	-4.193000
549.065000	-4.238000
549.411000	-4.151000
549.756000	-3.747000
550.101000	-3.241000
550.447000	-3.327000
550.792000	-3.696000
551.137000	-3.846000
551.482000	-4.323000
551.827000	-4.650000
552.172000	-4.568000
552.517000	-4.754000
552.862000	-4.590000
553.207000	-4.335000
553.552000	-4.424000
553.897000	-4.419000
554.241000	-4.133000
554.586000	-4.534000
554.931000	-4.534000
555.275000	-4.301000
555.620000	-4.249000
555.964000	-4.360000
556.309000	-4.593000
556.653000	-4.516000
556.998000	-4.234000
557.342000	-3.814000
557.686000	-3.827000
558.030000	-2.974000
558.375000	-2.740000
558.719000	-2.681000
559.063000	-2.570000
559.407000	-2.338000
559.751000	-2.302000
560.095000	-2.334000
560.438000	-1.836000
560.782000	-1.774000
561.126000	-1.284000
561.470000	-1.269000
561.813000	-0.778000
562.157000	-1.104000
562.501000	-0.159000
562.844000	0.357000
563.188000	0.322000
563.531000	0.753000
563.875000	1.900000
564.218000	2.841000
564.561000	4.376000
564.904000	5.955000
565.248000	7.164000
565.591000	8.820000
565.934000	10.983000
566.277000	13.109000
566.620000	15.856000
566.963000	18.354000
567.306000	20.803000
567.649000	23.464000
567.991000	26.868000
568.334000	30.102000
568.677000	34.084000
569.020000	37.535000
569.362000	41.817000
569.705000	46.125000
570.047000	50.883000
570.390000	55.626000
570.732000	60.962000
571.074000	66.675000
571.417000	72.702000
571.759000	79.190000
572.101000	85.777000
572.443000	92.906000
572.786000	100.076000
573.128000	107.333000
573.470000	115.246000
573.812000	122.758000
574.154000	130.988000
574.496000	139.729000
574.837000	148.871000
575.179000	158.221000
575.521000	168.037000
575.863000	178.170000
576.204000	188.714000
576.546000	199.173000
576.887000	209.879000
577.229000	221.177000
577.570000	233.051000
577.912000	244.242000
578.253000	256.093000
578.594000	268.392000
578.936000	280.442000
579.277000	292.963000
579.618000	305.327000
579.959000	318.297000
580.300000	331.489000
580.641000	345.050000
580.982000	359.242000
581.323000	372.947000
581.664000	386.858000
582.005000	400.885000
582.346000	415.255000
582.686000	429.687000
583.027000	444.732000
583.368000	458.522000
583.708000	473.060000
584.049000	487.062000
584.389000	501.191000
584.730000	514.841000
585.070000	527.726000
585.410000	540.600000
585.750000	553.768000
586.091000	566.825000
586.431000	579.101000
586.771000	590.341000
587.111000	601.833000
587.451000	612.801000
587.791000	623.387000
588.131000	633.534000
588.471000	643.071000
588.811000	652.396000
589.151000	660.807000
589.490000	668.345000
589.830000	675.883000
590.170000	682.470000
590.509000	688.876000
590.849000	693.775000
591.188000	698.848000
591.528000	703.052000
591.867000	706.743000
592.206000	709.589000
592.546000	712.218000
592.885000	714.281000
593.224000	715.103000
593.563000	715.787000
593.902000	715.548000
594.242000	714.720000
594.581000	714.085000
594.919000	711.677000
595.258000	709.128000
595.597000	706.001000
595.936000	702.232000
596.275000	698.143000
596.613000	693.416000
596.952000	687.492000
597.291000	681.201000
597.629000	674.865000
597.968000	667.681000
598.306000	659.581000
598.645000	651.655000
598.983000	643.251000
599.321000	633.926000
599.660000	624.391000
599.998000	614.064000
600.336000	603.714000
600.674000	592.782000
601.012000	580.860000
601.350000	568.848000
601.688000	556.286000
602.026000	543.753000
602.364000	530.938000
602.702000	518.032000
603.040000	504.974000
603.377000	491.070000
603.715000	476.843000
604.053000	463.088000
604.390000	448.638000
604.728000	434.575000
605.065000	420.510000
605.403000	406.399000
605.740000	392.956000
606.077000	378.972000
606.415000	364.368000
606.752000	350.311000
607.089000	336.218000
607.426000	323.012000
607.763000	309.656000
608.100000	296.642000
608.437000	283.207000
608.774000	270.512000
609.111000	258.040000
609.448000	245.545000
609.785000	234.171000
610.121000	222.764000
610.458000	211.610000
610.795000	201.118000
611.131000	190.369000
611.468000	180.435000
611.804000	170.591000
612.141000	161.146000
612.477000	151.681000
612.813000	142.934000
613.150000	134.080000
613.486000	125.642000
613.822000	117.790000
614.158000	109.883000
614.494000	102.749000
614.830000	95.484000
615.166000	88.494000
615.502000	82.329000
615.838000	75.759000
616.174000	69.787000
616.510000	64.190000
616.845000	58.514000
617.181000	52.837000
617.517000	48.149000
617.852000	44.087000
618.188000	39.416000
618.523000	35.289000
618.859000	31.441000
619.194000	27.765000
619.529000	24.364000
619.865000	21.253000
620.200000	18.607000
620.535000	16.189000
620.870000	13.951000
621.205000	11.851000
621.540000	10.491000
621.875000	8.750000
622.210000	6.989000
622.545000	5.397000
622.880000	3.962000
623.215000	2.410000
623.549000	1.111000
623.884000	0.526000
624.219000	-0.179000
624.553000	-0.699000
624.888000	-1.040000
625.222000	-1.169000
625.557000	-1.300000
625.891000	-1.511000
626.225000	-2.153000
626.560000	-2.265000
626.894000	-2.453000
627.228000	-2.711000
627.562000	-2.046000
627.896000	-1.735000
628.230000	-2.088000
628.564000	-2.174000
628.898000	-1.680000
629.232000	-1.790000
629.566000	-1.397000
629.900000	-1.180000
630.233000	-0.954000
630.567000	-1.068000
630.901000	-1.564000
631.234000	-1.946000
631.568000	-1.607000
631.901000	-1.165000
632.235000	-1.261000
632.568000	-1.545000
632.901000	-1.522000
633.235000	-1.480000
633.568000	-1.649000
633.901000	-1.577000
634.234000	-1.213000
634.567000	-1.154000
634.900000	-1.308000
635.233000	-1.531000
635.566000	-1.068000
635.899000	-0.918000
636.232000	-0.646000
636.565000	-0.735000
636.897000	-0.671000
637.230000	-0.264000
637.563000	0.020000
637.895000	-0.170000
638.228000	-0.170000
638.560000	-0.231000
638.893000	-0.066000
639.225000	0.089000
639.557000	0.213000
639.890000	0.262000
640.222000	0.389000
640.554000	0.180000
640.886000	0.192000
641.218000	0.495000
641.550000	0.533000
641.882000	-0.018000
642.214000	-0.283000
642.546000	-0.162000
642.878000	0.275000
643.209000	-0.008000
643.541000	0.266000
643.873000	-0.096000
644.204000	-0.164000
644.536000	-0.124000
644.867000	-0.138000
645.199000	-0.421000
645.530000	-0.429000
645.862000	-0.884000
646.193000	-0.935000
646.524000	-0.929000
646.855000	-0.638000
647.186000	-0.297000
647.517000	-0.128000
647.849000	-0.374000
648.180000	-0.815000
648.510000	-0.551000
648.841000	-0.698000
649.172000	-0.535000
649.503000	-0.352000
649.834000	-0.078000
650.164000	-0.217000
650.495000	-0.867000
650.826000	-1.062000
651.156000	-0.687000
651.487000	-0.576000
651.817000	-0.895000
652.147000	-0.937000
652.478000	-0.927000
652.808000	-0.825000
653.138000	-1.002000
653.468000	-0.828000
653.799000	-1.052000
654.129000	-1.272000
654.459000	-1.451000
654.789000	-1.278000
655.119000	-1.194000
655.448000	-0.495000
655.778000	-0.789000
656.108000	-0.726000
656.438000	-0.785000
656.767000	-0.810000
657.097000	-1.229000
657.426000	-1.152000
657.756000	-1.411000
658.085000	-1.233000
658.415000	-1.462000
658.744000	-1.331000
659.074000	-1.631000
659.403000	-2.226000
659.732000	-2.194000
660.061000	-2.476000
660.390000	-2.704000
660.719000	-2.665000
661.048000	-2.901000
661.377000	-3.179000
661.706000	-3.395000
662.035000	-3.005000
662.364000	-2.754000
662.692000	-3.120000
663.021000	-3.163000
663.350000	-2.652000
663.678000	-2.895000
664.007000	-2.428000
664.335000	-2.689000
664.664000	-2.679000
664.992000	-2.850000
665.321000	-2.723000
665.649000	-2.962000
665.977000	-2.670000
666.305000	-2.861000
666.633000	-2.518000
666.961000	-2.786000
667.289000	-2.889000
667.617000	-2.886000
667.945000	-3.147000
668.273000	-2.604000
668.601000	-2.913000
668.929000	-2.844000
669.256000	-3.253000
669.584000	-4.012000
669.912000	-4.346000
670.239000	-4.554000
670.567000	-4.310000
670.894000	-4.202000
671.222000	-4.467000
671.549000	-4.616000
671.876000	-4.541000
672.203000	-4.868000
672.531000	-4.844000
672.858000	-4.885000
673.185000	-4.938000
673.512000	-5.309000
673.839000	-5.009000
674.166000	-4.903000
674.493000	-5.208000
674.819000	-5.808000
675.146000	-5.855000
675.473000	-6.234000
675.800000	-6.099000
676.126000	-6.378000
676.453000	-5.862000
676.779000	-5.768000
677.106000	-5.368000
677.432000	-5.882000
677.759000	-5.793000
678.085000	-5.940000
678.411000	-5.779000
678.737000	-5.859000
679.064000	-5.744000
679.390000	-5.647000
679.716000	-5.516000
680.042000	-5.535000
680.368000	-5.661000
680.694000	-5.462000
681.019000	-5.239000
681.345000	-5.666000
681.671000	-5.757000
681.997000	-5.539000
682.322000	-5.493000
682.648000	-5.055000
682.973000	-5.094000
683.299000	-5.536000
683.624000	-5.161000
683.950000	-5.085000
684.275000	-4.683000
684.600000	-4.811000
684.925000	-4.692000
685.251000	-4.543000
685.576000	-4.371000
685.901000	-4.647000
686.226000	-4.367000
686.551000	-4.591000
686.876000	-5.026000
687.200000	-5.390000
687.525000	-5.564000
687.850000	-5.176000
688.175000	-5.441000
688.499000	-5.140000
688.824000	-5.059000
689.148000	-5.145000
689.473000	-4.669000
689.797000	-4.848000
690.122000	-4.829000
690.446000	-4.911000
690.770000	-4.798000
691.095000	-4.328000
691.419000	-4.078000
691.743000	-4.215000
692.067000	-4.178000
692.391000	-3.879000
692.715000	-3.576000
693.039000	-3.306000
693.363000	-3.121000
693.686000	-3.398000
694.010000	-3.545000
694.334000	-3.166000
694.658000	-3.060000
694.981000	-2.676000
695.305000	-2.391000
695.628000	-2.819000
695.952000	-2.409000
696.275000	-2.597000
696.598000	-2.255000
696.922000	-2.365000
697.245000	-2.246000
697.568000	-2.255000
697.891000	-2.094000
698.214000	-2.323000
698.537000	-1.970000
698.860000	-1.972000
699.183000	-1.481000
699.506000	-1.385000
699.829000	-0.930000
700.151000	-0.835000
700.474000	-1.117000
700.797000	-1.291000
701.119000	-1.237000
701.442000	-1.093000
701.764000	-1.072000
702.087000	-1.208000
702.409000	-1.229000
702.732000	-1.493000
703.054000	-1.156000
703.376000	-1.373000
703.698000	-1.365000
704.020000	-1.836000
704.342000	-1.435000
704.664000	-1.296000
704.986000	-1.438000
705.308000	-0.865000
705.630000	-0.894000
705.952000	-0.802000
706.274000	-0.937000
706.595000	-0.566000
706.917000	-0.405000
707.239000	-0.158000
707.560000	-0.393000
707.882000	-0.581000
708.203000	-0.676000
708.525000	-1.180000
708.846000	-1.090000
709.167000	-0.900000
709.488000	-0.668000
709.810000	-0.469000
710.131000	-0.436000
710.452000	-0.423000
710.773000	-0.536000
711.094000	-0.656000
711.415000	-0.317000
711.735000	-0.116000
712.056000	-0.406000
712.377000	-0.690000
712.698000	-0.525000
713.018000	-0.674000
713.339000	-0.178000
713.659000	-0.440000
713.980000	-0.337000
714.300000	-0.329000
714.621000	-0.673000
714.941000	-0.891000
715.261000	-0.557000
715.581000	-0.809000
715.902000	-0.889000
716.222000	-1.169000
716.542000	-1.120000
716.862000	-0.887000
717.182000	-0.835000
717.502000	-1.085000
717.821000	-1.050000
718.141000	-1.221000
718.461000	-1.158000
718.781000	-1.174000
719.100000	-1.326000
719.420000	-1.398000
719.739000	-1.346000
720.059000	-1.279000
720.378000	-1.116000
720.698000	-0.502000
721.017000	-0.462000
721.336000	-0.714000
721.655000	-0.427000
721.974000	-0.591000
722.294000	-0.482000
722.613000	-0.606000
722.932000	-0.751000
723.251000	-0.719000
723.569000	-0.552000
723.888000	-0.851000
724.207000	-1.020000
724.526000	-0.545000
724.844000	-1.519000
725.163000	-1.364000
725.482000	-1.511000
725.800000	-1.235000
726.119000	-1.222000
726.437000	-1.292000
726.755000	-1.336000
727.074000	-1.266000
727.392000	-1.011000
727.710000	-0.525000
728.028000	-0.455000
728.346000	-0.322000
728.664000	-0.264000
728.982000	-0.383000
729.300000	-0.562000
729.618000	-0.443000
729.936000	-0.253000
730.254000	-0.386000
730.571000	-0.285000
730.889000	-0.635000
731.206000	-1.013000
731.524000	-0.985000
731.841000	-0.766000
732.159000	-1.174000
732.476000	-1.362000
732.794000	-1.759000
733.111000	-1.661000
733.428000	-2.017000
733.745000	-1.723000
734.062000	-1.452000
734.379000	-1.175000
734.696000	-1.401000
735.013000	-1.187000
735.330000	-1.339000
735.647000	-1.485000
735.964000	-1.384000
736.281000	-1.635000
736.597000	-1.707000
736.914000	-1.219000
737.230000	-0.890000
737.547000	-0.805000
737.863000	-0.834000
738.180000	-0.876000
738.496000	-1.270000
738.813000	-1.647000
739.129000	-1.599000
739.445000	-1.563000
739.761000	-1.911000
740.077000	-2.388000
740.393000	-2.161000
740.709000	-1.983000
741.025000	-2.261000
741.341000	-2.497000
741.657000	-2.755000
741.973000	-2.632000
742.288000	-2.513000
742.604000	-2.506000
742.920000	-2.428000
743.235000	-2.702000
743.551000	-2.802000
743.866000	-3.285000
744.181000	-3.082000
744.497000	-3.126000
744.812000	-2.816000
745.127000	-2.704000
745.442000	-2.652000
745.757000	-2.412000
746.073000	-2.558000
746.388000	-2.626000
746.702000	-2.574000
747.017000	-2.781000
747.332000	-2.336000
747.647000	-2.214000
747.962000	-2.223000
748.276000	-2.373000
748.591000	-2.352000
748.906000	-2.213000
749.220000	-2.519000
749.535000	-2.580000
749.849000	-2.678000
750.163000	-2.424000
750.478000	-2.250000
750.792000	-2.569000
751.106000	-2.763000
751.420000	-2.605000
751.734000	-2.791000
752.048000	-3.000000
752.362000	-2.520000
752.676000	-2.377000
752.990000	-2.536000
753.304000	-2.733000
753.618000	-2.967000
753.931000	-2.829000
754.245000	-2.933000
754.558000	-3.130000
754.872000	-3.200000
755.186000	-3.297000
755.499000	-3.228000
755.812000	-3.027000
756.126000	-3.295000
756.439000	-3.732000
756.752000	-3.789000
757.065000	-3.749000
757.378000	-3.860000
757.691000	-2.585000
758.004000	-2.235000
758.317000	-2.094000
758.630000	-1.962000
758.943000	-1.234000
759.256000	-0.986000
759.568000	-1.381000
759.881000	-1.570000
760.194000	-1.420000
760.506000	-1.096000
760.819000	-0.893000
761.131000	-1.132000
761.444000	-0.943000
761.756000	-1.126000
762.068000	-1.215000
762.380000	-1.144000
762.693000	-0.947000
763.005000	-0.764000
763.317000	-0.393000
763.629000	-0.032000
763.941000	0.202000
764.253000	0.025000
764.564000	0.270000
764.876000	0.160000
765.188000	-0.120000
765.500000	-0.208000
765.811000	-0.497000
766.123000	-0.503000
766.434000	-0.392000
766.746000	-0.560000
767.057000	-0.508000
767.369000	-0.488000
767.680000	0.025000
767.991000	-0.111000
768.302000	-0.149000
768.613000	0.059000
768.924000	0.051000
769.235000	0.445000
769.546000	0.555000
769.857000	0.585000
770.168000	0.639000
770.479000	0.588000
770.790000	1.052000
771.100000	1.273000
771.411000	1.036000
771.722000	0.664000
772.032000	0.792000
772.343000	0.664000
772.653000	0.846000
772.963000	0.918000
773.274000	0.861000
773.584000	1.076000
773.894000	1.137000
774.204000	1.115000
774.514000	1.149000
774.824000	1.120000
775.134000	0.927000
775.444000	1.164000
775.754000	0.914000
776.064000	1.005000
776.374000	1.095000
776.683000	0.173000
776.993000	0.284000
777.302000	0.154000
777.612000	0.036000
777.921000	-0.386000
778.231000	-0.338000
778.540000	-0.121000
778.850000	-0.359000
779.159000	-0.373000
779.468000	-0.344000
779.777000	-0.527000
780.086000	-0.420000
780.395000	-0.555000
780.704000	-0.479000
781.013000	0.164000
781.322000	0.514000
781.631000	0.839000
781.939000	0.722000
782.248000	0.376000
782.557000	0.105000
782.865000	-0.448000
783.174000	-0.041000
783.482000	-0.379000
783.791000	-0.466000
784.099000	-0.199000
784.407000	0.113000
784.716000	0.276000
785.024000	0.013000
785.332000	-0.009000
785.640000	0.078000
785.948000	-0.107000
786.256000	0.248000
786.564000	0.120000
786.872000	-0.110000
787.180000	0.153000
787.487000	-0.055000
787.795000	0.017000
788.103000	-0.353000
788.410000	-0.412000
788.718000	0.081000
789.025000	0.259000
789.333000	0.277000
789.640000	0.122000
789.947000	0.546000
790.255000	0.644000
790.562000	1.121000
790.869000	0.903000
791.176000	0.811000
791.483000	0.485000
791.790000	0.214000
792.097000	0.461000
792.404000	0.439000
792.711000	0.585000
793.017000	0.876000
793.324000	0.721000
793.631000	0.499000
793.937000	0.944000
794.244000	0.954000
794.550000	1.079000
794.857000	1.028000
795.163000	1.005000
795.469000	0.924000
795.776000	0.334000
796.082000	0.161000
796.388000	0.024000
796.694000	0.256000
797.000000	-0.124000
797.306000	-0.147000
797.612000	0.097000
797.918000	-0.458000
798.224000	-1.084000
798.529000	-0.875000
798.835000	-0.657000
799.141000	-0.747000
799.446000	-0.936000
799.752000	-1.510000
800.057000	-1.508000
800.363000	-2.056000
800.668000	-2.049000
800.973000	-1.885000
801.278000	-1.946000
801.584000	-1.934000
801.889000	-2.305000
802.194000	-2.149000
802.499000	-1.829000
802.804000	-1.784000
803.109000	-1.953000
803.413000	-2.054000
803.718000	-1.494000
804.023000	-1.540000
804.328000	-1.618000
804.632000	-1.242000
804.937000	-1.468000
805.241000	-1.351000
805.546000	-1.376000
805.850000	-1.556000
806.154000	-1.705000
806.459000	-1.994000
806.763000	-2.104000
807.067000	-2.191000
807.371000	-2.671000
807.675000	-3.044000
807.979000	-3.177000
808.283000	-3.265000
808.587000	-3.710000
808.891000	-4.098000
809.195000	-4.505000
809.498000	-4.552000
809.802000	-4.335000
810.106000	-4.462000
810.409000	-4.338000
810.713000	-4.512000
811.016000	-4.718000
811.319000	-4.598000
811.623000	-5.238000
811.926000	-5.174000
812.229000	-5.022000
812.532000	-5.484000
812.836000	-5.436000
813.139000	-5.361000
813.442000	-5.490000
813.744000	-5.661000
814.047000	-5.636000
814.350000	-5.383000
814.653000	-5.125000
814.956000	-5.311000
815.258000	-5.717000
815.561000	-5.420000
815.863000	-5.504000
816.166000	-5.730000
816.468000	-5.211000
816.771000	-4.659000
817.073000	-4.883000
817.375000	-5.524000
817.677000	-5.560000
817.979000	-5.491000
818.281000	-5.468000
818.583000	-5.802000
818.885000	-5.668000
819.187000	-5.590000
819.489000	-5.578000
819.791000	-5.350000
820.093000	-5.219000
820.394000	-5.253000
820.696000	-5.600000
820.998000	-5.623000
821.299000	-5.951000
821.600000	-6.204000
821.902000	-6.180000
822.203000	-6.976000
822.504000	-7.179000
822.806000	-7.314000
823.107000	-7.830000
823.408000	-8.231000
823.709000	-8.377000
824.010000	-8.186000
824.311000	-8.458000
824.612000	-8.293000
824.913000	-8.088000
825.213000	-8.304000
825.514000	-8.060000
825.815000	-7.925000
826.115000	-8.182000
826.416000	-8.056000
826.716000	-7.802000
827.017000	-7.802000
827.317000	-7.649000
827.617000	-7.324000
827.918000	-7.308000
828.218000	-7.169000
828.518000	-7.248000
828.818000	-7.182000
829.118000	-7.101000
829.418000	-6.886000
829.718000	-7.230000
830.018000	-6.615000
830.318000	-6.321000
830.617000	-6.291000
830.917000	-6.168000
831.217000	-6.304000
831.516000	-6.889000
831.816000	-6.961000
832.115000	-7.059000
832.415000	-6.716000
832.714000	-6.951000
833.013000	-7.104000
833.312000	-7.109000
833.612000	-6.637000
833.911000	-6.767000
834.210000	-6.877000
834.509000	-6.691000
834.808000	-6.655000
835.107000	-6.395000
835.405000	-6.393000
835.704000	-5.992000
836.003000	-6.011000
836.301000	-6.199000
836.600000	-6.219000
836.899000	-6.189000
837.197000	-6.210000
837.495000	-6.620000
837.794000	-6.473000
838.092000	-7.127000
838.390000	-7.602000
838.689000	-7.753000
838.987000	-7.378000
839.285000	-7.626000
839.583000	-7.528000
839.881000	-6.959000
840.179000	-6.824000
840.476000	-6.677000
840.774000	-6.484000
841.072000	-6.109000
841.370000	-5.889000
841.667000	-5.507000
841.965000	-5.541000
842.262000	-5.663000
842.560000	-5.600000
842.857000	-5.726000
843.154000	-5.569000
843.452000	-5.512000
843.749000	-5.618000
844.046000	-5.638000
844.343000	-4.970000
844.640000	-4.865000
844.937000	-5.104000
845.234000	-4.893000
845.531000	-4.760000
845.828000	-4.723000
846.125000	-4.460000
846.421000	-4.977000
846.718000	-4.979000
847.014000	-5.242000
847.311000	-5.363000
847.607000	-5.288000
847.904000	-4.988000
848.200000	-5.176000
848.496000	-5.547000
848.793000	-5.731000
849.089000	-5.689000
849.385000	-5.911000
849.681000	-4.919000
849.977000	-5.229000
850.273000	-5.080000
850.569000	-5.563000
850.865000	-5.614000
851.160000	-5.711000
851.456000	-5.828000
851.752000	-5.708000
852.047000	-6.265000
852.343000	-5.840000
852.638000	-5.592000
852.934000	-5.740000
853.229000	-6.044000
853.524000	-5.837000
853.820000	-5.527000
854.115000	-5.454000
854.410000	-5.615000
854.705000	-5.366000
855.000000	-5.437000
855.295000	-5.230000
855.590000	-5.166000
855.885000	-5.861000
856.179000	-5.347000
856.474000	-4.792000
856.769000	-4.814000
857.063000	-5.090000
857.358000	-4.922000
857.652000	-4.783000
857.947000	-5.224000
858.241000	-5.375000
858.536000	-5.229000
858.830000	-5.371000
859.124000	-5.391000
859.418000	-5.948000
859.712000	-5.970000
860.006000	-6.160000
860.300000	-6.456000
860.594000	-6.207000
860.888000	-6.213000
861.182000	-6.267000
861.475000	-6.097000
861.769000	-6.257000
862.063000	-6.316000
862.356000	-6.613000
862.650000	-6.452000
862.943000	-6.250000
863.237000	-6.024000
863.530000	-6.042000
863.823000	-5.870000
864.116000	-6.219000
864.410000	-5.829000
864.703000	-5.525000
864.996000	-5.344000
865.289000	-5.374000
865.582000	-5.117000
865.874000	-5.283000
866.167000	-5.004000
866.460000	-4.953000
866.753000	-4.990000
867.045000	-4.782000
867.338000	-4.524000
867.630000	-4.952000
867.923000	-4.799000
868.215000	-4.534000
868.507000	-4.103000
868.800000	-4.117000
869.092000	-3.959000
869.384000	-3.617000
869.676000	-4.098000
869.968000	-3.515000
870.260000	-3.886000
870.552000	-4.321000
870.844000	-4.282000
871.136000	-4.111000
871.427000	-4.254000
871.719000	-4.899000
872.011000	-4.628000
872.302000	-4.278000
872.594000	-4.371000
872.885000	-4.414000
873.177000	-4.801000
873.468000	-4.704000
873.759000	-4.120000
874.050000	-4.148000
874.342000	-4.446000
874.633000	-4.466000
874.924000	-3.912000
875.215000	-4.143000
875.506000	-4.020000
875.796000	-3.853000
876.087000	-3.994000
876.378000	-4.038000
876.669000	-3.897000
876.959000	-3.947000
877.250000	-3.602000
877.540000	-3.422000
877.831000	-3.336000
878.121000	-3.237000
878.412000	-3.383000
878.702000	-3.539000
878.992000	-3.476000
879.282000	-3.784000
879.572000	-3.836000
879.862000	-4.002000
880.152000	-3.938000
880.442000	-4.131000
880.732000	-4.274000
881.022000	-4.610000
881.312000	-4.554000
881.601000	-4.870000
881.891000	-4.544000
882.180000	-4.712000
882.470000	-4.815000
882.759000	-4.877000
883.049000	-4.864000
883.338000	-5.267000
883.627000	-5.168000
883.917000	-5.646000
884.206000	-5.565000
884.495000	-5.439000
884.784000	-5.834000
885.073000	-5.930000
885.362000	-5.961000
885.650000	-5.629000
885.939000	-6.003000
886.228000	-6.457000
886.517000	-6.031000
886.805000	-6.098000
887.094000	-6.123000
887.382000	-6.249000
887.671000	-6.367000
887.959000	-6.238000
888.247000	-5.982000
888.536000	-6.023000
