155.485000	-11.913000
155.876000	-12.180000
156.266000	-11.542000
156.656000	-11.429000
157.046000	-11.252000
157.436000	-11.031000
157.826000	-11.229000
158.216000	-11.429000
158.606000	-11.274000
158.996000	-11.178000
159.386000	-11.252000
159.776000	-10.914000
160.166000	-10.791000
160.556000	-10.538000
160.945000	-10.345000
161.335000	-10.518000
161.725000	-10.487000
162.114000	-10.518000
162.504000	-10.260000
162.894000	-10.306000
163.283000	-10.211000
163.673000	-10.260000
164.062000	-10.483000
164.452000	-10.496000
164.841000	-10.348000
165.230000	-10.822000
165.620000	-10.861000
166.009000	-11.086000
166.398000	-11.012000
166.787000	-10.963000
167.177000	-11.129000
167.566000	-10.896000
167.955000	-10.636000
168.344000	-10.731000
168.733000	-10.773000
169.122000	-10.955000
169.511000	-10.942000
169.900000	-11.470000
170.289000	-10.958000
170.678000	-11.165000
171.066000	-10.601000
171.455000	-10.220000
171.844000	-10.076000
172.233000	-10.076000
172.621000	-9.849000
173.010000	-9.992000
173.398000	-10.102000
173.787000	-10.046000
174.176000	-9.703000
174.564000	-9.694000
174.952000	-9.755000
175.341000	-9.641000
175.729000	-9.939000
176.118000	-9.526000
176.506000	-9.023000
176.894000	-9.109000
177.282000	-9.097000
177.671000	-9.035000
178.059000	-8.727000
178.447000	-8.815000
178.835000	-8.581000
179.223000	-8.274000
179.611000	-8.023000
179.999000	-8.379000
180.387000	-7.893000
180.775000	-7.850000
181.163000	-7.477000
181.550000	-7.187000
181.938000	-6.752000
182.326000	-6.461000
182.714000	-6.438000
183.101000	-6.113000
183.489000	-5.960000
183.876000	-5.811000
184.264000	-5.642000
184.652000	-5.696000
185.039000	-5.123000
185.427000	-5.137000
185.814000	-4.858000
186.201000	-4.693000
186.589000	-4.360000
186.976000	-4.040000
187.363000	-3.984000
187.750000	-3.633000
188.138000	-3.564000
188.525000	-3.403000
188.912000	-2.898000
189.299000	-2.599000
189.686000	-2.587000
190.073000	-2.496000
190.460000	-2.565000
190.847000	-2.210000
191.234000	-2.213000
191.621000	-2.230000
192.007000	-2.050000
192.394000	-2.081000
192.781000	-1.842000
193.168000	-1.607000
193.554000	-1.104000
193.941000	-0.888000
194.328000	-0.776000
194.714000	-0.497000
195.101000	-0.159000
195.487000	0.058000
195.874000	0.649000
196.260000	0.605000
196.646000	1.190000
197.033000	1.277000
197.419000	1.716000
197.805000	1.093000
198.191000	1.707000
198.578000	1.770000
198.964000	1.875000
199.350000	2.176000
199.736000	2.154000
200.122000	2.439000
200.508000	2.566000
200.894000	2.933000
201.280000	3.334000
201.666000	3.344000
202.052000	3.819000
202.437000	3.787000
202.823000	3.792000
203.209000	3.887000
203.595000	4.076000
203.980000	3.584000
204.366000	3.847000
204.751000	3.578000
205.137000	3.814000
205.522000	3.920000
205.908000	3.453000
206.293000	3.453000
206.679000	3.812000
207.064000	3.493000
207.449000	3.325000
207.835000	3.304000
208.220000	3.309000
208.605000	2.914000
208.990000	3.071000
209.375000	3.048000
209.760000	2.590000
210.146000	2.404000
210.531000	2.498000
210.916000	2.625000
211.300000	2.971000
211.685000	3.328000
212.070000	3.278000
212.455000	3.045000
212.840000	3.180000
213.225000	3.439000
213.609000	3.238000
213.994000	3.472000
214.379000	3.343000
214.763000	3.458000
215.148000	3.008000
215.532000	3.320000
215.917000	3.240000
216.301000	3.217000
216.686000	3.136000
217.070000	2.851000
217.454000	2.568000
217.839000	2.686000
218.223000	2.366000
218.607000	1.968000
218.991000	2.186000
219.375000	1.592000
219.760000	1.681000
220.144000	0.889000
220.528000	1.233000
220.912000	1.172000
221.296000	1.836000
221.680000	1.310000
222.063000	1.429000
222.447000	1.200000
222.831000	1.368000
223.215000	1.255000
223.599000	1.464000
223.982000	1.565000
224.366000	1.349000
224.749000	1.240000
225.133000	1.011000
225.517000	0.412000
225.900000	0.533000
226.284000	0.863000
226.667000	0.905000
227.050000	0.672000
227.434000	0.520000
227.817000	0.358000
228.200000	0.379000
228.583000	-0.143000
228.967000	-0.304000
229.350000	0.149000
229.733000	0.174000
230.116000	-0.233000
230.499000	0.123000
230.882000	0.199000
231.265000	-0.080000
231.648000	-0.047000
232.031000	0.047000
232.414000	-0.048000
232.796000	-0.130000
233.179000	0.149000
233.562000	0.078000
233.945000	-0.439000
234.327000	-0.694000
234.710000	-1.007000
235.092000	-1.300000
235.475000	-1.451000
235.858000	-1.785000
236.240000	-2.214000
236.622000	-2.228000
237.005000	-1.985000
237.387000	-1.829000
237.769000	-1.772000
238.152000	-1.777000
238.534000	-1.449000
238.916000	-1.879000
239.298000	-1.251000
239.680000	-1.144000
240.062000	-1.275000
240.444000	-1.367000
240.826000	-1.258000
241.208000	-1.246000
241.590000	-1.188000
241.972000	-1.197000
242.354000	-1.437000
242.736000	-0.941000
243.118000	-1.118000
243.499000	-1.086000
243.881000	-1.103000
244.263000	-0.888000
244.644000	-1.143000
245.026000	-1.464000
245.407000	-1.385000
245.789000	-1.171000
246.170000	-1.179000
246.552000	-1.177000
246.933000	-1.404000
247.315000	-1.294000
247.696000	-1.307000
248.077000	-1.338000
248.458000	-1.010000
248.839000	-0.706000
249.221000	-1.055000
249.602000	-1.299000
249.983000	-1.485000
250.364000	-1.239000
250.745000	-0.843000
251.126000	-0.486000
251.507000	-0.495000
251.888000	0.057000
252.268000	-0.148000
252.649000	-0.030000
253.030000	0.084000
253.411000	0.133000
253.791000	0.206000
254.172000	0.485000
254.553000	0.600000
254.933000	0.576000
255.314000	0.788000
255.694000	0.847000
256.075000	1.180000
256.455000	0.850000
256.835000	1.176000
257.216000	1.255000
257.596000	1.431000
257.976000	1.812000
258.356000	1.946000
258.737000	2.099000
259.117000	2.798000
259.497000	3.145000
259.877000	3.332000
260.257000	3.207000
260.637000	2.916000
261.017000	3.205000
261.397000	2.985000
261.777000	3.253000
262.156000	3.497000
262.536000	3.218000
262.916000	3.157000
263.296000	3.727000
263.675000	3.697000
264.055000	3.615000
264.434000	3.511000
264.814000	3.598000
265.194000	3.728000
265.573000	4.181000
265.952000	4.482000
266.332000	4.588000
266.711000	4.718000
267.090000	4.529000
267.470000	4.304000
267.849000	4.247000
268.228000	4.602000
268.607000	4.245000
268.986000	4.270000
269.365000	4.111000
269.744000	4.192000
270.123000	3.978000
270.502000	3.698000
270.881000	3.562000
271.260000	3.552000
271.639000	3.168000
272.018000	3.385000
272.397000	3.627000
272.775000	3.609000
273.154000	3.747000
273.533000	3.992000
273.911000	4.280000
274.290000	4.143000
274.668000	4.176000
275.047000	4.032000
275.425000	3.967000
275.804000	3.868000
276.182000	4.006000
276.560000	3.919000
276.939000	3.328000
277.317000	2.933000
277.695000	2.904000
278.073000	3.125000
278.451000	2.710000
278.829000	2.285000
279.207000	2.176000
279.585000	2.334000
279.963000	2.329000
280.341000	2.438000
280.719000	2.746000
281.097000	1.937000
281.475000	2.140000
281.853000	2.569000
282.230000	2.574000
282.608000	2.450000
282.986000	2.753000
283.363000	2.705000
283.741000	2.981000
284.118000	2.785000
284.496000	2.719000
284.873000	2.409000
285.251000	2.316000
285.628000	2.107000
286.005000	1.845000
286.383000	1.424000
286.760000	1.884000
287.137000	1.875000
287.514000	2.130000
287.891000	1.684000
288.268000	1.398000
288.646000	1.202000
289.023000	0.870000
289.400000	1.041000
289.776000	0.875000
290.153000	1.041000
290.530000	1.166000
290.907000	1.187000
291.284000	1.397000
291.660000	1.255000
292.037000	0.956000
292.414000	1.209000
292.790000	1.348000
293.167000	1.373000
293.543000	1.691000
293.920000	1.916000
294.296000	2.437000
294.673000	2.760000
295.049000	2.736000
295.426000	2.846000
295.802000	2.882000
296.178000	3.064000
296.554000	2.761000
296.930000	2.491000
297.307000	2.431000
297.683000	2.001000
298.059000	1.869000
298.435000	2.055000
298.811000	1.519000
299.187000	1.269000
299.562000	1.380000
299.938000	1.662000
300.314000	1.758000
300.690000	1.827000
301.066000	1.964000
301.441000	2.182000
301.817000	2.779000
302.192000	2.695000
302.568000	2.591000
302.944000	2.294000
303.319000	2.475000
303.694000	1.991000
304.070000	2.483000
304.445000	2.390000
304.821000	1.921000
305.196000	1.724000
305.571000	1.612000
305.946000	1.393000
306.321000	1.770000
306.696000	1.603000
307.072000	1.693000
307.447000	2.010000
307.822000	1.959000
308.197000	1.602000
308.571000	1.895000
308.946000	1.843000
309.321000	1.870000
309.696000	1.627000
310.071000	1.469000
310.445000	1.312000
310.820000	1.437000
311.195000	1.365000
311.569000	1.525000
311.944000	1.435000
312.318000	1.503000
312.693000	1.782000
313.067000	1.898000
313.442000	1.956000
313.816000	2.098000
314.190000	1.401000
314.565000	1.803000
314.939000	1.728000
315.313000	1.714000
315.687000	1.745000
316.061000	2.030000
316.435000	1.900000
316.809000	1.967000
317.183000	1.440000
317.557000	1.387000
317.931000	1.464000
318.305000	1.208000
318.679000	1.112000
319.052000	0.872000
319.426000	0.734000
319.800000	0.517000
320.174000	-0.204000
320.547000	0.177000
320.921000	0.239000
321.294000	0.379000
321.668000	0.889000
322.041000	1.029000
322.415000	0.847000
322.788000	1.317000
323.161000	1.477000
323.535000	1.405000
323.908000	1.247000
324.281000	1.324000
324.654000	1.390000
325.027000	1.542000
325.400000	1.866000
325.773000	1.972000
326.146000	2.264000
326.519000	2.565000
326.892000	2.340000
327.265000	2.161000
327.638000	1.856000
328.011000	2.163000
328.383000	2.269000
328.756000	2.217000
329.129000	1.764000
329.501000	1.827000
329.874000	1.623000
330.247000	1.632000
330.619000	1.197000
330.991000	1.515000
331.364000	1.631000
331.736000	2.051000
332.109000	2.224000
332.481000	1.975000
332.853000	2.072000
333.225000	1.997000
333.598000	1.976000
333.970000	2.405000
334.342000	2.124000
334.714000	1.799000
335.086000	1.924000
335.458000	1.609000
335.830000	1.265000
336.202000	1.097000
336.573000	0.937000
336.945000	1.303000
337.317000	1.346000
337.689000	1.588000
338.060000	1.830000
338.432000	1.587000
338.804000	1.466000
339.175000	1.452000
339.547000	1.013000
339.918000	0.837000
340.290000	1.084000
340.661000	1.353000
341.032000	1.636000
341.404000	1.691000
341.775000	1.965000
342.146000	2.365000
342.517000	2.212000
342.888000	2.930000
343.259000	2.901000
343.630000	2.809000
344.001000	3.219000
344.372000	3.344000
344.743000	3.202000
345.114000	3.569000
345.485000	3.044000
345.856000	3.101000
346.227000	3.135000
346.597000	3.047000
346.968000	2.960000
347.339000	3.106000
347.709000	3.190000
348.080000	3.209000
348.450000	3.419000
348.821000	2.872000
349.191000	2.818000
349.562000	3.121000
349.932000	3.184000
350.302000	3.334000
350.673000	3.082000
351.043000	2.936000
351.413000	2.692000
351.783000	3.155000
352.153000	3.687000
352.523000	3.906000
352.893000	3.920000
353.263000	4.409000
353.633000	4.573000
354.003000	4.314000
354.373000	4.298000
354.743000	4.250000
355.112000	4.246000
355.482000	4.469000
355.852000	4.327000
356.221000	4.233000
356.591000	4.377000
356.961000	4.494000
357.330000	4.781000
357.700000	4.686000
358.069000	5.127000
358.438000	5.266000
358.808000	5.612000
359.177000	5.693000
359.546000	5.986000
359.915000	6.088000
360.285000	5.915000
360.654000	5.671000
361.023000	5.915000
361.392000	5.935000
361.761000	5.877000
362.130000	6.200000
362.499000	6.144000
362.868000	6.105000
363.236000	5.543000
363.605000	5.387000
363.974000	5.416000
364.343000	5.254000
364.711000	5.462000
365.080000	5.818000
365.449000	5.406000
365.817000	5.685000
366.186000	5.814000
366.554000	5.398000
366.922000	5.280000
367.291000	5.584000
367.659000	5.248000
368.027000	5.299000
368.396000	4.696000
368.764000	4.702000
369.132000	4.962000
369.500000	5.048000
369.868000	4.713000
370.236000	4.251000
370.604000	4.079000
370.972000	3.848000
371.340000	4.153000
371.708000	4.338000
372.076000	4.211000
372.443000	3.931000
372.811000	3.788000
373.179000	3.835000
373.547000	4.126000
373.914000	4.465000
374.282000	4.167000
374.649000	3.565000
375.017000	3.127000
375.384000	2.914000
375.752000	2.855000
376.119000	2.498000
376.486000	2.065000
376.853000	1.998000
377.221000	1.570000
377.588000	1.766000
377.955000	1.607000
378.322000	1.891000
378.689000	2.074000
379.056000	1.916000
379.423000	1.218000
379.790000	1.311000
380.157000	1.123000
380.524000	0.705000
380.891000	0.817000
381.257000	0.510000
381.624000	0.623000
381.991000	0.238000
382.357000	-0.077000
382.724000	0.311000
383.090000	0.239000
383.457000	0.141000
383.823000	-0.115000
384.190000	-0.121000
384.556000	0.008000
384.923000	0.174000
385.289000	-0.190000
385.655000	-0.082000
386.021000	0.252000
386.387000	-0.109000
386.754000	-0.104000
387.120000	-0.427000
387.486000	-0.631000
387.852000	0.088000
388.218000	-0.038000
388.583000	0.150000
388.949000	0.081000
389.315000	-0.061000
389.681000	-0.605000
390.047000	-0.405000
390.412000	-0.134000
390.778000	0.272000
391.144000	0.352000
391.509000	0.062000
391.875000	0.025000
392.240000	0.399000
392.605000	0.388000
392.971000	0.773000
393.336000	0.454000
393.702000	0.169000
394.067000	-0.001000
394.432000	0.091000
394.797000	0.034000
395.162000	0.320000
395.527000	0.344000
395.892000	0.084000
396.257000	-0.167000
396.622000	0.098000
396.987000	0.013000
397.352000	0.269000
397.717000	0.209000
398.082000	0.061000
398.446000	0.852000
398.811000	1.587000
399.176000	1.735000
399.540000	2.407000
399.905000	2.213000
400.269000	2.381000
400.634000	2.358000
400.998000	2.440000
401.363000	2.184000
401.727000	2.377000
402.091000	2.020000
402.456000	2.201000
402.820000	2.300000
403.184000	2.274000
403.548000	1.879000
403.912000	1.596000
404.276000	1.725000
404.640000	1.694000
405.004000	1.376000
405.368000	1.670000
405.732000	1.719000
406.096000	1.948000
406.460000	1.868000
406.823000	1.556000
407.187000	1.574000
407.551000	1.898000
407.914000	1.998000
408.278000	1.562000
408.641000	1.840000
409.005000	1.578000
409.368000	1.303000
409.732000	1.572000
410.095000	0.857000
410.458000	0.353000
410.822000	0.247000
411.185000	0.171000
411.548000	0.231000
411.911000	0.634000
412.274000	0.584000
412.637000	0.948000
413.000000	1.091000
413.363000	1.119000
413.726000	0.983000
414.089000	1.240000
414.452000	1.011000
414.815000	1.081000
415.177000	0.899000
415.540000	1.237000
415.903000	1.365000
416.265000	1.164000
416.628000	1.213000
416.990000	1.367000
417.353000	1.449000
417.715000	1.546000
418.078000	1.777000
418.440000	1.870000
418.802000	1.607000
419.165000	1.501000
419.527000	1.528000
419.889000	1.461000
420.251000	1.814000
420.613000	1.064000
420.975000	0.321000
421.337000	-0.080000
421.699000	-0.402000
422.061000	-0.303000
422.423000	-0.668000
422.785000	-0.491000
423.147000	-0.666000
423.508000	-0.554000
423.870000	-0.175000
424.232000	0.529000
424.593000	0.245000
424.955000	0.238000
425.316000	0.024000
425.678000	0.203000
426.039000	0.084000
426.401000	0.367000
426.762000	0.658000
427.123000	0.711000
427.484000	0.220000
427.846000	0.312000
428.207000	0.018000
428.568000	0.163000
428.929000	0.016000
429.290000	-0.229000
429.651000	-0.264000
430.012000	-0.447000
430.373000	-0.334000
430.734000	-0.620000
431.095000	-0.744000
431.455000	-0.501000
431.816000	-0.822000
432.177000	-0.735000
432.537000	-0.550000
432.898000	-0.705000
433.258000	-0.950000
433.619000	-1.124000
433.979000	-0.968000
434.340000	-1.129000
434.700000	-1.942000
435.060000	-2.042000
435.421000	-2.151000
435.781000	-2.290000
436.141000	-2.665000
436.501000	-2.925000
436.861000	-2.782000
437.221000	-2.917000
437.581000	-2.762000
437.941000	-2.769000
438.301000	-2.299000
438.661000	-2.372000
439.021000	-2.290000
439.381000	-2.335000
439.741000	-2.356000
440.100000	-2.255000
440.460000	-2.509000
440.820000	-2.274000
441.179000	-2.306000
441.539000	-2.560000
441.898000	-2.486000
442.258000	-2.594000
442.617000	-2.505000
442.976000	-2.006000
443.336000	-1.754000
443.695000	-2.068000
444.054000	-2.252000
444.413000	-2.016000
444.772000	-2.466000
445.131000	-2.777000
445.490000	-2.640000
445.849000	-2.753000
446.208000	-3.092000
446.567000	-3.027000
446.926000	-2.997000
447.285000	-2.992000
447.644000	-2.942000
448.002000	-3.311000
448.361000	-3.678000
448.720000	-3.926000
449.078000	-4.565000
449.437000	-4.550000
449.795000	-4.924000
450.154000	-4.437000
450.512000	-4.450000
450.870000	-4.445000
451.229000	-4.121000
451.587000	-4.379000
451.945000	-4.065000
452.303000	-4.245000
452.662000	-4.489000
453.020000	-4.260000
453.378000	-4.201000
453.736000	-4.314000
454.094000	-4.554000
454.452000	-4.588000
454.809000	-4.785000
455.167000	-4.808000
455.525000	-4.606000
455.883000	-4.759000
456.241000	-4.640000
456.598000	-4.585000
456.956000	-4.984000
457.313000	-4.943000
457.671000	-4.863000
458.028000	-5.199000
458.386000	-5.159000
458.743000	-5.541000
459.100000	-5.608000
459.458000	-5.735000
459.815000	-5.948000
460.172000	-6.217000
460.529000	-6.216000
460.886000	-5.981000
461.243000	-5.991000
461.600000	-5.905000
461.957000	-6.337000
462.314000	-5.968000
462.671000	-6.274000
463.028000	-5.986000
463.385000	-5.803000
463.742000	-5.777000
464.098000	-5.940000
464.455000	-5.913000
464.812000	-5.855000
465.168000	-5.991000
465.525000	-5.779000
465.881000	-5.547000
466.237000	-5.583000
466.594000	-5.348000
466.950000	-5.173000
467.306000	-5.422000
467.663000	-5.687000
468.019000	-6.041000
468.375000	-6.148000
468.731000	-6.215000
469.087000	-6.219000
469.443000	-6.010000
469.799000	-5.673000
470.155000	-5.474000
470.511000	-5.062000
470.867000	-4.339000
471.223000	-4.074000
471.578000	-4.098000
471.934000	-4.917000
472.290000	-4.838000
472.645000	-4.646000
473.001000	-4.687000
473.356000	-4.868000
473.712000	-5.265000
474.067000	-5.195000
474.423000	-4.725000
474.778000	-4.750000
475.133000	-4.726000
475.489000	-4.670000
475.844000	-4.152000
476.199000	-3.898000
476.554000	-3.629000
476.909000	-3.394000
477.264000	-3.788000
477.619000	-3.778000
477.974000	-3.794000
478.329000	-3.594000
478.684000	-2.973000
479.039000	-3.074000
479.393000	-2.798000
479.748000	-2.313000
480.103000	-2.302000
480.457000	-1.795000
480.812000	-1.610000
481.166000	-1.632000
481.521000	-1.596000
481.875000	-1.194000
482.230000	-1.523000
482.584000	-2.046000
482.938000	-2.097000
483.293000	-2.486000
483.647000	-2.095000
484.001000	-2.103000
484.355000	-1.983000
484.709000	-1.836000
485.063000	-1.445000
485.417000	-1.616000
485.771000	-1.665000
486.125000	-1.669000
486.479000	-1.559000
486.832000	-1.558000
487.186000	-1.278000
487.540000	-1.082000
487.894000	-1.132000
488.247000	-1.114000
488.601000	-1.090000
488.954000	-0.569000
489.308000	-0.246000
489.661000	0.223000
490.014000	0.476000
490.368000	0.468000
490.721000	0.091000
491.074000	-0.146000
491.427000	0.244000
491.781000	-0.036000
492.134000	-0.617000
492.487000	-0.929000
492.840000	-1.174000
493.193000	-0.777000
493.546000	-0.306000
493.898000	-0.403000
494.251000	-0.355000
494.604000	-0.147000
494.957000	0.259000
495.309000	0.504000
495.662000	0.473000
496.015000	0.990000
496.367000	1.059000
496.720000	0.769000
497.072000	0.540000
497.425000	0.252000
497.777000	-0.033000
498.129000	0.321000
498.482000	0.548000
498.834000	0.801000
499.186000	0.882000
499.538000	0.622000
499.890000	0.687000
500.242000	0.376000
500.594000	0.129000
500.946000	-0.006000
501.298000	-0.196000
501.650000	-0.048000
502.002000	-0.595000
502.353000	-0.401000
502.705000	0.030000
503.057000	-0.143000
503.408000	-0.425000
503.760000	-0.464000
504.111000	0.497000
504.463000	0.414000
504.814000	0.951000
505.166000	0.982000
505.517000	1.093000
505.868000	1.029000
506.220000	1.019000
506.571000	0.647000
506.922000	0.667000
507.273000	0.952000
507.624000	0.968000
507.975000	0.760000
508.326000	1.108000
508.677000	0.754000
509.028000	0.413000
509.379000	0.455000
509.730000	0.552000
510.080000	0.567000
510.431000	0.184000
510.782000	0.239000
511.132000	-0.025000
511.483000	-0.234000
511.833000	-0.556000
512.184000	-0.059000
512.534000	0.375000
512.885000	-0.037000
513.235000	-0.031000
513.585000	0.397000
513.935000	0.472000
514.286000	0.583000
514.636000	-0.112000
514.986000	-0.441000
515.336000	-0.513000
515.686000	0.214000
516.036000	-0.146000
516.386000	-0.278000
516.735000	0.219000
517.085000	0.706000
517.435000	0.355000
517.785000	0.647000
518.134000	0.814000
518.484000	1.498000
518.834000	2.272000
519.183000	2.254000
519.533000	1.690000
519.882000	1.351000
520.231000	1.273000
520.581000	0.684000
520.930000	0.850000
521.279000	0.801000
521.628000	0.941000
521.978000	1.385000
522.327000	1.498000
522.676000	1.388000
523.025000	1.192000
523.374000	1.464000
523.723000	0.935000
524.071000	0.269000
524.420000	0.755000
524.769000	0.565000
525.118000	0.985000
525.466000	0.611000
525.815000	0.666000
526.164000	0.358000
526.512000	0.329000
526.861000	0.197000
527.209000	0.438000
527.557000	0.151000
527.906000	0.404000
528.254000	0.768000
528.602000	0.250000
528.951000	-0.036000
529.299000	0.293000
529.647000	0.290000
529.995000	0.429000
530.343000	0.715000
530.691000	0.930000
531.039000	0.994000
531.387000	1.272000
531.735000	1.260000
532.082000	1.077000
532.430000	1.092000
532.778000	0.998000
533.125000	1.148000
533.473000	1.327000
533.820000	1.096000
534.168000	1.316000
534.515000	1.521000
534.863000	1.615000
535.210000	1.954000
535.557000	2.058000
535.905000	2.412000
536.252000	2.137000
536.599000	2.265000
536.946000	1.077000
537.293000	1.054000
537.640000	1.256000
537.987000	0.666000
538.334000	0.306000
538.681000	0.261000
539.028000	0.015000
539.375000	-0.034000
539.721000	-0.036000
540.068000	-0.965000
540.415000	-0.757000
540.761000	-0.981000
541.108000	-0.473000
541.454000	-0.753000
541.801000	-0.536000
542.147000	-0.123000
542.494000	-0.348000
542.840000	-0.827000
543.186000	-0.896000
543.532000	-1.194000
543.879000	-0.992000
544.225000	-0.766000
544.571000	-0.856000
544.917000	-0.912000
545.263000	-0.902000
545.609000	-1.632000
545.955000	-1.545000
546.300000	-1.611000
546.646000	-1.857000
546.992000	-2.077000
547.338000	-2.050000
547.683000	-2.318000
548.029000	-2.023000
548.374000	-2.277000
548.720000	-2.346000
549.065000	-2.502000
549.411000	-2.385000
549.756000	-2.033000
550.101000	-1.649000
550.447000	-2.078000
550.792000	-2.535000
551.137000	-2.714000
551.482000	-2.933000
551.827000	-3.195000
552.172000	-3.223000
552.517000	-3.232000
552.862000	-3.099000
553.207000	-2.803000
553.552000	-2.610000
553.897000	-2.499000
554.241000	-2.174000
554.586000	-2.733000
554.931000	-2.727000
555.275000	-2.365000
555.620000	-2.304000
555.964000	-2.226000
556.309000	-2.429000
556.653000	-2.370000
556.998000	-2.110000
557.342000	-1.540000
557.686000	-1.527000
558.030000	-0.701000
558.375000	-0.377000
558.719000	-0.329000
559.063000	-0.259000
559.407000	-0.098000
559.751000	-0.024000
560.095000	-0.022000
560.438000	0.038000
560.782000	-0.116000
561.126000	0.227000
561.470000	0.088000
561.813000	0.606000
562.157000	0.211000
562.501000	0.995000
562.844000	1.428000
563.188000	1.430000
563.531000	1.831000
563.875000	2.745000
564.218000	3.526000
564.561000	4.629000
564.904000	5.969000
565.248000	6.918000
565.591000	8.329000
565.934000	10.079000
566.277000	11.882000
566.620000	14.295000
566.963000	16.624000
567.306000	18.812000
567.649000	21.025000
567.991000	23.924000
568.334000	26.849000
568.677000	30.285000
569.020000	33.190000
569.362000	36.768000
569.705000	40.589000
570.047000	44.613000
570.390000	48.496000
570.732000	53.127000
571.074000	57.962000
571.417000	63.295000
571.759000	68.892000
572.101000	74.686000
572.443000	80.810000
572.786000	86.703000
573.128000	92.791000
573.470000	99.157000
573.812000	105.326000
574.154000	112.180000
574.496000	119.329000
574.837000	127.116000
575.179000	134.917000
575.521000	143.431000
575.863000	151.845000
576.204000	160.579000
576.546000	169.740000
576.887000	178.789000
577.229000	188.273000
577.570000	198.178000
577.912000	207.936000
578.253000	218.139000
578.594000	228.635000
578.936000	239.024000
579.277000	249.762000
579.618000	260.022000
579.959000	271.169000
580.300000	282.617000
580.641000	294.329000
580.982000	306.291000
581.323000	318.049000
581.664000	330.148000
582.005000	342.240000
582.346000	354.827000
582.686000	367.248000
583.027000	380.160000
583.368000	392.195000
583.708000	404.603000
584.049000	416.489000
584.389000	428.601000
584.730000	440.270000
585.070000	451.439000
585.410000	462.636000
585.750000	473.986000
586.091000	485.165000
586.431000	495.986000
586.771000	505.842000
587.111000	515.863000
587.451000	525.158000
587.791000	534.138000
588.131000	542.752000
588.471000	550.813000
588.811000	558.743000
589.151000	565.744000
589.490000	572.483000
589.830000	579.032000
590.170000	584.955000
590.509000	590.503000
590.849000	594.961000
591.188000	599.675000
591.528000	603.269000
591.867000	606.413000
592.206000	609.398000
592.546000	611.698000
592.885000	613.448000
593.224000	613.976000
593.563000	614.925000
593.902000	614.975000
594.242000	614.463000
594.581000	614.159000
594.919000	612.314000
595.258000	610.456000
595.597000	607.871000
595.936000	604.792000
596.275000	601.174000
596.613000	597.564000
596.952000	592.786000
597.291000	587.317000
597.629000	581.853000
597.968000	575.862000
598.306000	569.140000
598.645000	562.296000
598.983000	554.930000
599.321000	546.965000
599.660000	538.448000
599.998000	529.604000
600.336000	521.201000
600.674000	511.754000
601.012000	501.347000
601.350000	491.070000
601.688000	480.646000
602.026000	470.203000
602.364000	459.015000
602.702000	448.063000
603.040000	436.681000
603.377000	424.741000
603.715000	412.669000
604.053000	400.719000
604.390000	388.483000
604.728000	376.444000
605.065000	364.597000
605.403000	352.644000
605.740000	340.939000
606.077000	328.892000
606.415000	316.345000
606.752000	304.333000
607.089000	292.015000
607.426000	280.627000
607.763000	269.138000
608.100000	258.057000
608.437000	246.278000
608.774000	235.332000
609.111000	224.853000
609.448000	214.226000
609.785000	204.376000
610.121000	194.443000
610.458000	184.803000
610.795000	175.575000
611.131000	166.345000
611.468000	157.583000
611.804000	148.827000
612.141000	140.695000
612.477000	132.712000
612.813000	124.650000
613.150000	117.118000
613.486000	109.681000
613.822000	103.034000
614.158000	96.093000
614.494000	89.883000
614.830000	83.787000
615.166000	77.650000
615.502000	72.379000
615.838000	66.712000
616.174000	61.486000
616.510000	56.554000
616.845000	51.853000
617.181000	46.879000
617.517000	42.552000
617.852000	38.909000
618.188000	34.897000
618.523000	31.314000
618.859000	27.899000
619.194000	24.586000
619.529000	21.835000
619.865000	19.151000
620.200000	17.106000
620.535000	15.217000
620.870000	13.262000
621.205000	11.414000
621.540000	10.329000
621.875000	8.763000
622.210000	7.247000
622.545000	5.854000
622.880000	4.892000
623.215000	3.407000
623.549000	2.192000
623.884000	1.543000
624.219000	0.774000
624.553000	0.203000
624.888000	-0.239000
625.222000	-0.318000
625.557000	-0.678000
625.891000	-0.929000
626.225000	-1.346000
626.560000	-1.293000
626.894000	-1.505000
627.228000	-1.852000
627.562000	-1.303000
627.896000	-1.166000
628.230000	-1.597000
628.564000	-1.564000
628.898000	-0.995000
629.232000	-1.084000
629.566000	-0.930000
629.900000	-0.924000
630.233000	-0.603000
630.567000	-0.743000
630.901000	-1.118000
631.234000	-1.463000
631.568000	-1.214000
631.901000	-0.699000
632.235000	-0.838000
632.568000	-1.160000
632.901000	-1.068000
633.235000	-1.041000
633.568000	-1.197000
633.901000	-0.847000
634.234000	-0.565000
634.567000	-0.495000
634.900000	-0.793000
635.233000	-1.049000
635.566000	-0.463000
635.899000	-0.350000
636.232000	-0.213000
636.565000	-0.282000
636.897000	-0.039000
637.230000	0.293000
637.563000	0.546000
637.895000	0.486000
638.228000	0.353000
638.560000	0.288000
638.893000	0.402000
639.225000	0.684000
639.557000	0.827000
639.890000	0.758000
640.222000	0.874000
640.554000	0.766000
640.886000	0.568000
641.218000	0.612000
641.550000	0.848000
641.882000	0.294000
642.214000	0.188000
642.546000	0.158000
642.878000	0.489000
643.209000	0.024000
643.541000	0.409000
643.873000	0.033000
644.204000	0.169000
644.536000	0.219000
644.867000	0.261000
645.199000	0.010000
645.530000	-0.053000
645.862000	-0.417000
646.193000	-0.503000
646.524000	-0.530000
646.855000	-0.445000
647.186000	-0.277000
647.517000	0.140000
647.849000	-0.243000
648.180000	-0.574000
648.510000	-0.397000
648.841000	-0.605000
649.172000	-0.429000
649.503000	-0.325000
649.834000	-0.029000
650.164000	-0.071000
650.495000	-0.637000
650.826000	-0.839000
651.156000	-0.459000
651.487000	-0.438000
651.817000	-0.713000
652.147000	-0.861000
652.478000	-0.896000
652.808000	-0.875000
653.138000	-1.246000
653.468000	-1.161000
653.799000	-1.495000
654.129000	-2.028000
654.459000	-2.268000
654.789000	-2.050000
655.119000	-1.956000
655.448000	-1.328000
655.778000	-1.611000
656.108000	-1.573000
656.438000	-1.642000
656.767000	-1.582000
657.097000	-2.038000
657.426000	-1.977000
657.756000	-2.338000
658.085000	-2.176000
658.415000	-2.344000
658.744000	-2.190000
659.074000	-2.220000
659.403000	-2.646000
659.732000	-2.743000
660.061000	-2.762000
660.390000	-3.020000
660.719000	-3.060000
661.048000	-3.377000
661.377000	-3.492000
661.706000	-3.785000
662.035000	-3.547000
662.364000	-3.488000
662.692000	-3.863000
663.021000	-4.035000
663.350000	-3.427000
663.678000	-3.730000
664.007000	-3.321000
664.335000	-3.604000
664.664000	-3.469000
664.992000	-3.611000
665.321000	-3.316000
665.649000	-3.561000
665.977000	-3.361000
666.305000	-3.343000
666.633000	-3.124000
666.961000	-3.193000
667.289000	-3.120000
667.617000	-3.150000
667.945000	-3.191000
668.273000	-2.673000
668.601000	-2.896000
668.929000	-2.671000
669.256000	-3.061000
669.584000	-3.615000
669.912000	-3.849000
670.239000	-3.967000
670.567000	-3.682000
670.894000	-3.589000
671.222000	-3.944000
671.549000	-4.178000
671.876000	-4.171000
672.203000	-4.442000
672.531000	-4.345000
672.858000	-4.242000
673.185000	-4.315000
673.512000	-4.602000
673.839000	-4.162000
674.166000	-4.017000
674.493000	-4.201000
674.819000	-4.795000
675.146000	-4.607000
675.473000	-4.788000
675.800000	-4.632000
676.126000	-4.919000
676.453000	-4.381000
676.779000	-4.416000
677.106000	-3.970000
677.432000	-4.325000
677.759000	-4.147000
678.085000	-4.218000
678.411000	-3.911000
678.737000	-4.034000
679.064000	-4.027000
679.390000	-4.054000
679.716000	-3.800000
680.042000	-3.974000
680.368000	-4.100000
680.694000	-3.893000
681.019000	-3.656000
681.345000	-4.055000
681.671000	-3.970000
681.997000	-3.648000
682.322000	-3.539000
682.648000	-3.046000
682.973000	-2.971000
683.299000	-3.455000
683.624000	-3.192000
683.950000	-3.057000
684.275000	-2.691000
684.600000	-2.756000
684.925000	-2.466000
685.251000	-2.576000
685.576000	-2.364000
685.901000	-2.542000
686.226000	-2.389000
686.551000	-2.518000
686.876000	-2.980000
687.200000	-3.431000
687.525000	-3.667000
687.850000	-3.283000
688.175000	-3.491000
688.499000	-3.197000
688.824000	-3.220000
689.148000	-3.274000
689.473000	-2.752000
689.797000	-2.904000
690.122000	-2.951000
690.446000	-3.066000
690.770000	-2.821000
691.095000	-2.385000
691.419000	-2.045000
691.743000	-2.121000
692.067000	-2.042000
692.391000	-1.542000
692.715000	-1.054000
693.039000	-0.729000
693.363000	-0.579000
693.686000	-0.776000
694.010000	-0.728000
694.334000	-0.268000
694.658000	-0.200000
694.981000	-0.039000
695.305000	0.213000
695.628000	-0.161000
695.952000	0.124000
696.275000	-0.046000
696.598000	0.382000
696.922000	0.316000
697.245000	0.469000
697.568000	0.483000
697.891000	0.489000
698.214000	0.265000
698.537000	0.717000
698.860000	0.713000
699.183000	1.016000
699.506000	1.100000
699.829000	1.384000
700.151000	1.726000
700.474000	1.405000
700.797000	1.380000
701.119000	1.550000
701.442000	1.588000
701.764000	1.823000
702.087000	1.779000
702.409000	1.786000
702.732000	1.693000
703.054000	1.998000
703.376000	1.891000
703.698000	2.102000
704.020000	1.511000
704.342000	1.632000
704.664000	1.734000
704.986000	1.742000
705.308000	2.062000
705.630000	2.102000
705.952000	2.246000
706.274000	2.170000
706.595000	2.465000
706.917000	2.643000
707.239000	2.817000
707.560000	2.409000
707.882000	2.244000
708.203000	2.325000
708.525000	1.776000
708.846000	1.886000
709.167000	1.922000
709.488000	1.999000
709.810000	2.136000
710.131000	2.134000
710.452000	1.956000
710.773000	1.841000
711.094000	1.605000
711.415000	1.769000
711.735000	1.861000
712.056000	1.452000
712.377000	1.053000
712.698000	1.329000
713.018000	1.066000
713.339000	1.455000
713.659000	1.189000
713.980000	1.203000
714.300000	1.302000
714.621000	1.122000
714.941000	0.952000
715.261000	1.295000
715.581000	1.156000
715.902000	1.024000
716.222000	0.672000
716.542000	0.702000
716.862000	0.874000
717.182000	0.956000
717.502000	0.875000
717.821000	0.825000
718.141000	0.513000
718.461000	0.539000
718.781000	0.663000
719.100000	0.608000
719.420000	0.566000
719.739000	0.449000
720.059000	0.493000
720.378000	0.629000
720.698000	1.149000
721.017000	1.171000
721.336000	0.762000
721.655000	0.956000
721.974000	0.679000
722.294000	0.755000
722.613000	0.610000
722.932000	0.608000
723.251000	0.458000
723.569000	0.821000
723.888000	0.703000
724.207000	0.427000
724.526000	0.738000
724.844000	0.014000
725.163000	0.104000
725.482000	-0.033000
725.800000	0.167000
726.119000	0.173000
726.437000	0.212000
726.755000	0.321000
727.074000	0.656000
727.392000	0.889000
727.710000	1.070000
728.028000	1.096000
728.346000	1.255000
728.664000	1.342000
728.982000	1.240000
729.300000	1.128000
729.618000	1.335000
729.936000	1.647000
730.254000	1.750000
730.571000	2.169000
730.889000	1.964000
731.206000	1.577000
731.524000	1.476000
731.841000	1.655000
732.159000	1.177000
732.476000	1.338000
732.794000	0.872000
733.111000	0.933000
733.428000	0.542000
733.745000	0.713000
734.062000	0.980000
734.379000	0.967000
734.696000	0.700000
735.013000	0.867000
735.330000	0.720000
735.647000	0.721000
735.964000	0.782000
736.281000	0.569000
736.597000	0.476000
736.914000	0.848000
737.230000	1.209000
737.547000	1.353000
737.863000	1.318000
738.180000	1.294000
738.496000	0.876000
738.813000	0.694000
739.129000	0.920000
739.445000	0.866000
739.761000	0.531000
740.077000	-0.005000
740.393000	0.040000
740.709000	0.148000
741.025000	-0.162000
741.341000	-0.429000
741.657000	-0.678000
741.973000	-0.524000
742.288000	-0.509000
742.604000	-0.486000
742.920000	-0.397000
743.235000	-0.807000
743.551000	-0.876000
743.866000	-1.161000
744.181000	-1.054000
744.497000	-1.280000
744.812000	-1.110000
745.127000	-1.180000
745.442000	-1.144000
745.757000	-0.902000
746.073000	-1.265000
746.388000	-1.414000
746.702000	-1.426000
747.017000	-1.470000
747.332000	-0.766000
747.647000	-0.858000
747.962000	-0.995000
748.276000	-0.976000
748.591000	-1.014000
748.906000	-1.042000
749.220000	-1.467000
749.535000	-1.638000
749.849000	-1.848000
750.163000	-1.447000
750.478000	-1.085000
750.792000	-1.279000
751.106000	-1.440000
751.420000	-1.372000
751.734000	-1.758000
752.048000	-1.994000
752.362000	-1.586000
752.676000	-1.360000
752.990000	-1.377000
753.304000	-1.682000
753.618000	-1.884000
753.931000	-1.731000
754.245000	-1.698000
754.558000	-1.911000
754.872000	-2.170000
755.186000	-2.307000
755.499000	-2.289000
755.812000	-2.194000
756.126000	-2.455000
756.439000	-2.822000
756.752000	-2.903000
757.065000	-2.907000
757.378000	-2.958000
757.691000	-1.787000
758.004000	-1.563000
758.317000	-1.584000
758.630000	-1.431000
758.943000	-0.655000
759.256000	-0.224000
759.568000	-0.380000
759.881000	-0.552000
760.194000	-0.289000
760.506000	0.119000
760.819000	0.287000
761.131000	0.134000
761.444000	0.316000
761.756000	0.221000
762.068000	0.126000
762.380000	0.303000
762.693000	0.386000
763.005000	0.519000
763.317000	1.058000
763.629000	1.726000
763.941000	1.708000
764.253000	1.726000
764.564000	2.097000
764.876000	1.880000
765.188000	1.817000
765.500000	1.735000
765.811000	1.562000
766.123000	1.662000
766.434000	1.432000
766.746000	1.362000
767.057000	1.430000
767.369000	1.418000
767.680000	1.912000
767.991000	1.672000
768.302000	1.713000
768.613000	1.844000
768.924000	1.639000
769.235000	1.835000
769.546000	1.781000
769.857000	1.665000
770.168000	1.658000
770.479000	1.622000
770.790000	2.111000
771.100000	2.413000
771.411000	2.260000
771.722000	1.953000
772.032000	1.979000
772.343000	2.084000
772.653000	2.390000
772.963000	2.429000
773.274000	2.354000
773.584000	2.662000
773.894000	2.830000
774.204000	2.835000
774.514000	2.798000
774.824000	2.907000
775.134000	2.713000
775.444000	3.004000
775.754000	2.824000
776.064000	2.838000
776.374000	2.797000
776.683000	1.948000
776.993000	1.906000
777.302000	1.774000
777.612000	1.792000
777.921000	1.293000
778.231000	1.238000
778.540000	1.463000
778.850000	1.358000
779.159000	1.165000
779.468000	1.166000
779.777000	1.022000
780.086000	1.156000
780.395000	1.014000
780.704000	1.199000
781.013000	1.654000
781.322000	1.919000
781.631000	2.391000
781.939000	2.131000
782.248000	1.605000
782.557000	1.231000
782.865000	0.962000
783.174000	1.303000
783.482000	0.927000
783.791000	1.015000
784.099000	1.064000
784.407000	1.417000
784.716000	1.376000
785.024000	1.108000
785.332000	1.303000
785.640000	1.379000
785.948000	1.397000
786.256000	1.769000
786.564000	1.738000
786.872000	1.689000
787.180000	1.854000
787.487000	1.599000
787.795000	2.025000
788.103000	1.878000
788.410000	1.969000
788.718000	2.594000
789.025000	2.901000
789.333000	2.976000
789.640000	2.748000
789.947000	3.153000
790.255000	3.200000
790.562000	3.734000
790.869000	3.602000
791.176000	3.353000
791.483000	3.120000
791.790000	2.954000
792.097000	3.141000
792.404000	3.173000
792.711000	3.338000
793.017000	3.658000
793.324000	3.493000
793.631000	3.116000
793.937000	3.697000
794.244000	3.526000
794.550000	3.601000
794.857000	3.667000
795.163000	3.713000
795.469000	3.530000
795.776000	3.208000
796.082000	2.968000
796.388000	2.979000
796.694000	3.219000
797.000000	2.651000
797.306000	2.687000
797.612000	2.735000
797.918000	2.064000
798.224000	1.454000
798.529000	1.599000
798.835000	1.740000
799.141000	1.627000
799.446000	1.218000
799.752000	0.646000
800.057000	0.557000
800.363000	-0.101000
800.668000	0.108000
800.973000	0.280000
801.278000	0.136000
801.584000	0.132000
801.889000	-0.269000
802.194000	-0.001000
802.499000	0.211000
802.804000	0.339000
803.109000	0.141000
803.413000	0.146000
803.718000	0.549000
804.023000	0.407000
804.328000	0.376000
804.632000	0.665000
804.937000	0.182000
805.241000	0.200000
805.546000	0.257000
805.850000	0.134000
806.154000	0.104000
806.459000	-0.372000
806.763000	-0.697000
807.067000	-0.668000
807.371000	-1.133000
807.675000	-1.616000
807.979000	-1.673000
808.283000	-1.660000
808.587000	-1.979000
808.891000	-2.392000
809.195000	-3.041000
809.498000	-3.226000
809.802000	-3.000000
810.106000	-3.208000
810.409000	-3.243000
810.713000	-3.515000
811.016000	-3.861000
811.319000	-3.963000
811.623000	-4.582000
811.926000	-4.476000
812.229000	-4.100000
812.532000	-4.591000
812.836000	-4.454000
813.139000	-4.307000
813.442000	-4.457000
813.744000	-4.738000
814.047000	-4.657000
814.350000	-4.481000
814.653000	-4.100000
814.956000	-4.462000
815.258000	-4.925000
815.561000	-4.429000
815.863000	-4.644000
816.166000	-4.648000
816.468000	-3.862000
816.771000	-3.383000
817.073000	-3.594000
817.375000	-4.297000
817.677000	-4.353000
817.979000	-4.041000
818.281000	-3.954000
818.583000	-4.068000
818.885000	-3.845000
819.187000	-3.838000
819.489000	-3.830000
819.791000	-3.579000
820.093000	-3.352000
820.394000	-3.426000
820.696000	-3.827000
820.998000	-3.919000
821.299000	-4.290000
821.600000	-4.577000
821.902000	-4.659000
822.203000	-5.303000
822.504000	-5.481000
822.806000	-5.729000
823.107000	-6.200000
823.408000	-6.558000
823.709000	-6.621000
824.010000	-6.499000
824.311000	-6.771000
824.612000	-6.588000
824.913000	-6.290000
825.213000	-6.343000
825.514000	-6.240000
825.815000	-6.202000
826.115000	-6.384000
826.416000	-6.325000
826.716000	-6.066000
827.017000	-6.168000
827.317000	-5.952000
827.617000	-5.463000
827.918000	-5.284000
828.218000	-5.152000
828.518000	-5.255000
828.818000	-5.114000
829.118000	-4.924000
829.418000	-4.583000
829.718000	-4.862000
830.018000	-4.256000
830.318000	-4.005000
830.617000	-4.198000
830.917000	-4.069000
831.217000	-4.151000
831.516000	-4.750000
831.816000	-4.620000
832.115000	-4.596000
832.415000	-4.098000
832.714000	-4.382000
833.013000	-4.460000
833.312000	-4.349000
833.612000	-3.864000
833.911000	-3.913000
834.210000	-4.068000
834.509000	-3.914000
834.808000	-3.852000
835.107000	-3.570000
835.405000	-3.539000
835.704000	-3.021000
836.003000	-2.876000
836.301000	-3.089000
836.600000	-3.152000
836.899000	-3.096000
837.197000	-3.214000
837.495000	-3.421000
837.794000	-3.265000
838.092000	-3.804000
838.390000	-4.228000
838.689000	-4.169000
838.987000	-3.880000
839.285000	-4.194000
839.583000	-4.165000
839.881000	-3.593000
840.179000	-3.486000
840.476000	-3.256000
840.774000	-3.105000
841.072000	-2.600000
841.370000	-2.444000
841.667000	-1.938000
841.965000	-2.052000
842.262000	-2.151000
842.560000	-2.140000
842.857000	-2.358000
843.154000	-2.346000
843.452000	-2.350000
843.749000	-2.675000
844.046000	-2.703000
844.343000	-2.182000
844.640000	-1.893000
844.937000	-2.172000
845.234000	-1.963000
845.531000	-1.823000
845.828000	-1.794000
846.125000	-1.514000
846.421000	-2.024000
846.718000	-1.876000
847.014000	-2.240000
847.311000	-2.350000
847.607000	-2.318000
847.904000	-1.988000
848.200000	-2.352000
848.496000	-2.811000
848.793000	-2.885000
849.089000	-2.724000
849.385000	-3.100000
849.681000	-2.196000
849.977000	-2.588000
850.273000	-2.457000
850.569000	-3.070000
850.865000	-3.065000
851.160000	-3.219000
851.456000	-3.383000
851.752000	-3.442000
852.047000	-4.074000
852.343000	-3.676000
852.638000	-3.534000
852.934000	-3.741000
853.229000	-3.913000
853.524000	-3.680000
853.820000	-3.435000
854.115000	-3.507000
854.410000	-3.767000
854.705000	-3.529000
855.000000	-3.739000
855.295000	-3.451000
855.590000	-3.749000
855.885000	-4.342000
856.179000	-3.925000
856.474000	-3.379000
856.769000	-3.585000
857.063000	-3.967000
857.358000	-3.592000
857.652000	-3.365000
857.947000	-3.828000
858.241000	-3.979000
858.536000	-4.026000
858.830000	-4.166000
859.124000	-4.272000
859.418000	-4.799000
859.712000	-4.835000
860.006000	-5.002000
860.300000	-5.363000
860.594000	-5.049000
860.888000	-5.132000
861.182000	-5.252000
861.475000	-5.143000
861.769000	-5.158000
862.063000	-5.312000
862.356000	-5.480000
862.650000	-5.633000
862.943000	-5.482000
863.237000	-5.433000
863.530000	-5.567000
863.823000	-5.366000
864.116000	-5.971000
864.410000	-5.610000
864.703000	-5.493000
864.996000	-5.324000
865.289000	-5.411000
865.582000	-5.199000
865.874000	-5.223000
866.167000	-4.928000
866.460000	-4.898000
866.753000	-5.143000
867.045000	-5.104000
867.338000	-4.878000
867.630000	-5.342000
867.923000	-5.316000
868.215000	-5.090000
868.507000	-4.696000
868.800000	-4.768000
869.092000	-4.693000
869.384000	-4.423000
869.676000	-4.607000
869.968000	-4.174000
870.260000	-4.445000
870.552000	-4.759000
870.844000	-4.825000
871.136000	-4.762000
871.427000	-4.952000
871.719000	-5.550000
872.011000	-5.277000
872.302000	-5.007000
872.594000	-4.954000
872.885000	-5.020000
873.177000	-5.474000
873.468000	-5.211000
873.759000	-4.730000
874.050000	-4.639000
874.342000	-5.154000
874.633000	-5.183000
874.924000	-4.582000
875.215000	-4.914000
875.506000	-4.962000
875.796000	-4.889000
876.087000	-4.858000
876.378000	-4.892000
876.669000	-4.766000
876.959000	-4.757000
877.250000	-4.449000
877.540000	-4.316000
877.831000	-4.298000
878.121000	-4.132000
878.412000	-4.212000
878.702000	-4.226000
878.992000	-4.048000
879.282000	-4.283000
879.572000	-4.195000
879.862000	-4.185000
880.152000	-4.248000
880.442000	-4.295000
880.732000	-4.433000
881.022000	-4.617000
881.312000	-4.501000
881.601000	-4.945000
881.891000	-4.489000
882.180000	-4.671000
882.470000	-4.746000
882.759000	-4.716000
883.049000	-4.702000
883.338000	-5.129000
883.627000	-5.184000
883.917000	-5.545000
884.206000	-5.340000
884.495000	-5.026000
884.784000	-5.422000
885.073000	-5.363000
885.362000	-5.369000
885.650000	-5.012000
885.939000	-5.354000
886.228000	-5.783000
886.517000	-5.305000
886.805000	-5.345000
887.094000	-5.336000
887.382000	-5.588000
887.671000	-5.548000
887.959000	-5.448000
888.247000	-5.353000
888.536000	-5.232000
