0.994778748038992
0.996960141639211
0.994823390451769
0.995581712733616
0.99549389918158
0.99694053782794
0.997059383600326
0.996614364820301
0.997222964130614
0.996441818134321
0.997012194642977
0.996557606826037
0.995907586225012
0.995306902153746
0.997081095080074
0.998440551120262
0.996590895119861
0.997963715630594
0.996003981406602
0.997084922848411
0.997971650907793
0.995785864284127
0.997990828243204
0.995914873167943
0.997280794249367
0.997526026694787
0.994996831474678
0.997390931380272
0.997847071260127
0.997910952268507
0.996434970557149
0.998234760814603
0.996899480983589
0.997035602621305
0.997925129062072
0.998230472464521
0.997592916685905
0.997207618512738
0.994047670021507
0.998111309719878
0.997002901610895
0.996664277707195
0.997990867779857
0.998387065994464
0.998979779230429
0.995955504370781
0.998396513752722
0.997021983175516
0.998542502437766
0.995857851301176
0.997092763821682
0.997388332996352
0.998014170049035
0.998001369489042
0.998180650313115
0.996644817013667
0.997489032410764
0.998312178608864
0.997340305940899
0.997186433688315
0.996974793910535
0.997993105524358
0.99848565756124
0.996643026650429
0.995753391399329
0.998339099275155
0.997349237792653
0.997928500665876
0.997203378482302
0.998176690047817
0.997297169981987
0.997841896900536
0.997441797275321
0.996229792485568
0.998053269473973
0.996052895401604
0.99663175439683
0.99720925864949
0.996578919706251
0.994955448317267
0.997395792919423
0.997472895791064
0.998320677240196
0.997424883848817
0.997968763361416
0.996851451717617
0.996949766876611
0.997669299079438
0.998140950166971
0.995385673972736
0.996544453041761
0.997199560667473
0.998104844338172
0.997808255450883
0.996681905118074
0.996778868499576
0.995511117635931
0.998091206794745
0.99791531350006
0.996893057993711
0.998791169625712
0.996615202175325
0.998288490628912
0.997534307905479
0.997633448321347
0.998319265995782
0.997933384217519
