0.997619497429093
0.998206813582339
0.997584814901767
0.998105411184241
0.997634042674822
0.998497892194355
0.998679928835966
0.99830822045096
0.999246645642645
0.998144563495329
0.999043762137108
0.998627039974471
0.998690395494428
0.998858695573096
0.99844023979224
0.998020789329002
0.998716825980076
0.998778496668781
0.997437048698582
0.998366022289385
0.99784162873067
0.998956364773942
0.998176510851338
0.998853034509927
0.998658706850707
0.998897557010417
0.999056237276018
0.99906418255932
0.9983887032197
0.998723442033969
0.998744943617988
0.997661020895865
0.998161018095445
0.998596152528463
0.998677149549329
0.999123846103649
0.998920251125357
0.998064324676849
0.998667055950476
0.999190322831002
0.998982467926829
0.997399641930198
0.997890592173632
0.99886227759399
0.999126408727039
0.998950770592803
0.999301839741451
0.998946177940695
0.999064155690156
0.999336151668557
0.998834213023492
0.997298082336384
0.998610174478629
0.998342943840531
0.998033177147289
0.999221753934562
0.998070160599287
0.999134733382796
0.998919614726355
0.998663029265942
0.999133693247613
0.999088152026144
0.998711288567033
0.997777026464283
0.998651926498011
0.998686477333044
0.999054262494458
0.997646626200449
0.998233812429183
0.995572719438859
0.998399821320455
0.997700544675457
0.99807382675394
0.997817949367548
0.99800747011351
0.998753948561258
0.997690075204846
0.998648727586149
0.999102259209412
0.998038305315599
0.998467102355815
0.99872270970426
0.998125368407383
0.999138955030801
0.998348835798495
0.998361421484723
0.998423313824496
0.998674863286032
0.998308905064523
0.998649575312254
0.999177705135644
0.998655831470879
0.997925537028281
0.999065105346379
0.998421684486963
0.999185335661338
0.998657751017872
0.998501200847708
0.997674251361602
0.99891897332209
0.998656989187901
0.99902110387398
0.998616840193282
0.998711170718127
0.998699769987699
0.997650188317056
0.998861346400322
