0.987299320211661
0.992011999268471
0.993556677224974
0.985109761765727
0.992796129119899
0.988184333499393
0.984793311083372
0.987980368781295
0.992691439501687
0.977986677231133
0.990238171151006
0.990835495899281
0.990387843659944
0.987548770609743
0.990023254717263
0.991452560727625
0.985092252139828
0.989308642722999
0.994854175478691
0.992712184138745
0.989210330496554
0.989830145048065
0.988565778485188
0.994491765675277
0.989763866976563
0.993596749752864
0.985308583379734
0.992396321508694
0.991434634627936
0.994157388726202
0.98692283939548
0.981122782123297
0.993337006547149
0.992358879417871
0.987944233854203
0.983664682740729
0.992876040210057
0.99678264873273
0.993678897050973
0.990806558298968
0.990323139031284
0.988771164727842
0.991737351852197
0.989167218967766
0.988291326290387
0.990079859516286
0.990849068381202
0.992184542594638
0.993061705366347
0.993362727795142
0.989239626364456
0.993705714003496
0.986372071721248
0.990633827118477
0.993954128607611
0.991728544649888
0.99403345309697
0.993317098974242
0.991884713746227
0.991425340833153
0.989172518130672
0.995479165072761
0.987880141323378
0.988180941423663
0.994145815455834
0.988618517432628
0.995820988768911
0.990869897677053
0.995879412873584
0.991363144970463
0.992242245904394
0.991682754738935
0.994183325232892
0.989449522858449
0.990577446379485
0.990207412012794
0.990829271170951
0.991492646443718
0.991767277660807
0.990992310121387
0.993018199272791
0.986507368410174
0.994839805613294
0.988748930985639
0.994663154565801
0.989658636586382
0.992766285996704
0.991863088892575
0.991732579519755
0.992974664299927
0.993690074159734
0.991155331596825
0.993821695806689
0.992216011591598
0.988928634875404
0.989707759648262
0.98969906966698
0.991426030329312
0.991635185812597
0.991396813440863
0.991908441262121
0.9910445702394
0.992895791717322
0.987418125080171
0.988015758619091
0.985429424396837
0.987822460102075
