0.99634009440889
0.997517644462274
0.993555521903379
0.99527254349814
0.996010425241662
0.996291415384973
0.995237146232862
0.994363490987077
0.99151229039182
0.993636955333198
0.996863683718378
0.994960980804737
0.995811694195157
0.996671831853673
0.996861812435328
0.99720695546666
0.993875466729434
0.996273273502954
0.996559403140212
0.997949147749331
0.9952793419843
0.995242741055193
0.994813125353559
0.995422064220697
0.996176484996434
0.996223151281954
0.99447469282413
0.995426929889989
0.998048945296013
0.996562542945954
0.997954163689795
0.995272487429072
0.995632564888285
0.996845332703389
0.998021990632967
0.997064992325288
0.996471372245873
0.996920221847712
0.99649673841877
0.997728561004784
0.994635945948232
0.996079282033264
0.9970203538759
0.997646465346398
0.994438176780542
0.997700342733336
0.995790498789976
0.996327801441922
0.997602148808105
0.994064206435661
0.996663508101508
0.995834164492737
0.997100371432593
0.995932318132514
0.99581094990341
0.995563949606913
0.99749592841004
0.994444443941874
0.995291234004318
0.997254711629986
0.995649694183696
0.996503900202546
0.996934271456002
0.990258623395963
0.995666563711168
0.997244046783505
0.995199475527252
0.996662107787233
0.994888194207212
0.996400756510544
0.994925570966117
0.997694419060976
0.993494216689466
0.996460182219439
0.995738823534218
0.997145170196012
0.996358816392808
0.996781438801443
0.995695062873255
0.997450344850304
0.995155582630124
0.993985479882241
0.997874191571899
0.997820491138028
0.993529444622734
0.994276292642272
0.994972956287486
0.998216625477634
0.997104380287963
0.996003654173604
0.996600505637262
0.996997130142443
0.997604338203875
0.995754993648127
0.996401952994468
0.993480326590028
0.996720957890209
0.992512016423451
0.996541963219337
0.994699386646116
0.996788978162266
0.996625775204516
0.996994723561334
0.996680737632971
0.993308975460969
0.996579972185388
0.994329137351933
