155.485	-7.97
155.876	-7.84
156.266	-8.76
156.656	-8.88
157.046	-8.63
157.436	-9.33
157.826	-8.51
158.216	-9.08
158.606	-9.31
158.996	-9.17
159.386	-9.27
159.776	-9.26
160.166	-9.26
160.556	-9.14
160.945	-8.84
161.335	-8.37
161.725	-8.83
162.114	-8.38
162.504	-9
162.894	-8.72
163.283	-8.63
163.673	-8.96
164.062	-8.87
164.452	-8.63
164.841	-8.78
165.23	-9.14
165.62	-8.84
166.009	-8.76
166.398	-8.61
166.787	-8.67
167.177	-8.74
167.566	-8.89
167.955	-9.03
168.344	-8.62
168.733	-8.49
169.122	-8.34
169.511	-8.56
169.9	-8.84
170.289	-8.92
170.678	-8.7
171.066	-8.64
171.455	-8.64
171.844	-8.51
172.233	-8.51
172.621	-9
173.01	-9.15
173.398	-9.21
173.787	-8.79
174.176	-8.57
174.564	-8.7
174.952	-8.28
175.341	-7.85
175.729	-7.85
176.118	-7.98
176.506	-8.26
176.894	-8.95
177.282	-9.08
177.671	-9.08
178.059	-9.57
178.447	-9.51
178.835	-9.57
179.223	-9.79
179.611	-9.64
179.999	-9.23
180.387	-9.3
180.775	-9.02
181.163	-8.66
181.55	-8.72
181.938	-8.08
182.326	-7.79
182.714	-8.21
183.101	-8.34
183.489	-8.28
183.876	-8.28
184.264	-8.49
184.652	-8.77
185.039	-9.2
185.427	-8.98
185.814	-9.41
186.201	-8.7
186.589	-8.79
186.976	-9.13
187.363	-8.7
187.75	-9.11
188.138	-9.25
188.525	-9.67
188.912	-9.33
189.299	-9.31
189.686	-9.52
190.073	-9.8
190.46	-9.61
190.847	-9.89
191.234	-9.89
191.621	-10.15
192.007	-10.34
192.394	-10.26
192.781	-10.2
193.168	-10.41
193.554	-10.13
193.941	-9.62
194.328	-9.21
194.714	-8.93
195.101	-9.15
195.487	-8.87
195.874	-8.52
196.26	-8.8
196.646	-8.44
197.033	-8.44
197.419	-8.16
197.805	-8.25
198.191	-7.97
198.578	-7.97
198.964	-7.9
199.35	-7.82
199.736	-7.2
200.122	-7.13
200.508	-6.38
200.894	-6.38
201.28	-6.52
201.666	-5.89
202.052	-5.61
202.437	-4.56
202.823	-3.92
203.209	-3.72
203.595	-3.36
203.98	-3.08
204.366	-3.36
204.751	-3.23
205.137	-3.85
205.522	-4.64
205.908	-4.84
206.293	-4.28
206.679	-4.13
207.064	-4.25
207.449	-4.44
207.835	-4.23
208.22	-4.57
208.605	-4.49
208.99	-4.62
209.375	-4.21
209.76	-3.66
210.146	-3.74
210.531	-3.25
210.916	-3.25
211.3	-2.77
211.685	-2.49
212.07	-1.93
212.455	-1.52
212.84	-1.48
213.225	-0.98
213.609	-0.23
213.994	-0.3
214.379	0.26
214.763	0.2
215.148	0.67
215.532	0.61
215.917	0.18
216.301	-0.11
216.686	0.02
217.07	0.15
217.454	-0.57
217.839	-0.85
218.223	-0.92
218.607	-1.07
218.991	-0.72
219.375	-0.79
219.76	-0.49
220.144	0.13
220.528	0.05
220.912	-0.02
221.296	0.13
221.68	-0.07
222.063	-0.21
222.447	-0.49
222.831	-1.07
223.215	-1.56
223.599	-1.41
223.982	-1.46
224.366	-1.52
224.749	-1.66
225.133	-1.59
225.517	-2.08
225.9	-3
226.284	-3.43
226.667	-4.28
227.05	-4.49
227.434	-4.49
227.817	-4.28
228.2	-4.15
228.583	-3.66
228.967	-3.3
229.35	-3.03
229.733	-2.97
230.116	-2.36
230.499	-2.52
230.882	-2.87
231.265	-2.8
231.648	-2.31
232.031	-2.03
232.414	-1.26
232.796	-1.46
233.179	-2.15
233.562	-1.72
233.945	-1.52
234.327	-1.74
234.71	-1.61
235.092	-1.54
235.475	-1.89
235.858	-1.61
236.24	-1.8
236.622	-1.93
237.005	-2.34
237.387	-2.08
237.769	-2.64
238.152	-2.57
238.534	-2.92
238.916	-2.85
239.298	-2.02
239.68	-1.92
240.062	-1.57
240.444	-2.13
240.826	-1.64
241.208	-1.57
241.59	-1.44
241.972	-1.02
242.354	-1
242.736	-1.13
243.118	-0.87
243.499	-1.43
243.881	-1.69
244.263	-2.03
244.644	-2.23
245.026	-1.75
245.407	-1.54
245.789	-1.39
246.17	-1.11
246.552	-0.97
246.933	-0.77
247.315	-1.15
247.696	-0.46
248.077	-0.03
248.458	-0.59
248.839	-0.31
249.221	-1
249.602	-1.07
249.983	-0.79
250.364	-1.28
250.745	-1.75
251.126	-1.62
251.507	-1.82
251.888	-2.25
252.268	-1.84
252.649	-1.97
253.03	-1.74
253.411	-2.15
253.791	-1.23
254.172	-0.82
254.553	-1.16
254.933	-1.44
255.314	-1.46
255.694	-1.89
256.075	-2.02
256.455	-2.44
256.835	-2.79
257.216	-3.9
257.596	-3.75
257.976	-3.89
258.356	-4.23
258.737	-3.74
259.117	-4.36
259.497	-4.36
259.877	-4.66
260.257	-4.64
260.637	-4.9
261.017	-4.75
261.397	-4.67
261.777	-4.74
262.156	-4.89
262.536	-5.44
262.916	-5.25
263.296	-5.03
263.675	-4.62
264.055	-4.69
264.434	-4.2
264.814	-4.8
265.194	-5.21
265.573	-5.93
265.952	-6.08
266.332	-5.87
266.711	-6.21
267.09	-5.72
267.47	-5.38
267.849	-5.39
268.228	-6.16
268.607	-6.23
268.986	-6.66
269.365	-6.79
269.744	-7.07
270.123	-7.2
270.502	-7.33
270.881	-7.67
271.26	-7.75
271.639	-7.26
272.018	-7.69
272.397	-7.2
272.775	-7.26
273.154	-7.1
273.533	-6.62
273.911	-6.43
274.29	-6.49
274.668	-6.7
275.047	-6.77
275.425	-7.05
275.804	-6.98
276.182	-7.69
276.56	-7.75
276.939	-8.72
277.317	-8.16
277.695	-7.9
278.073	-7.49
278.451	-7.2
278.829	-7.84
279.207	-7.84
279.585	-7.75
279.963	-7.69
280.341	-6.98
280.719	-6.64
281.097	-6.49
281.475	-6.36
281.853	-6.49
282.23	-6.62
282.608	-6.48
282.986	-6.05
283.363	-6.2
283.741	-6.26
284.118	-6.07
284.496	-5.8
284.873	-5.8
285.251	-5.51
285.628	-4.95
286.005	-5.31
286.383	-5.8
286.76	-5.79
287.137	-5.85
287.514	-6.21
287.891	-6.43
288.268	-6.08
288.646	-6
289.023	-5.44
289.4	-5.92
289.776	-5.51
290.153	-6.02
290.53	-6.1
290.907	-5.67
291.284	-5.1
291.66	-5.1
292.037	-4.54
292.414	-3.92
292.79	-3.72
293.167	-4.08
293.543	-3.85
293.92	-3.79
294.296	-3.79
294.673	-3.93
295.049	-3.93
295.426	-3.61
295.802	-4.02
296.178	-3.95
296.554	-3.93
296.93	-3.51
297.307	-3.92
297.683	-3.79
298.059	-3.44
298.435	-3.44
298.811	-3.66
299.187	-3.46
299.562	-3.54
299.938	-3.2
300.314	-3.77
300.69	-3.77
301.066	-4.03
301.441	-4.95
301.817	-4.52
302.192	-3.84
302.568	-3.57
302.944	-3.56
303.319	-4.07
303.694	-4.98
304.07	-4.77
304.445	-4.56
304.821	-4.62
305.196	-4.56
305.571	-4.64
305.946	-4.57
306.321	-4.85
306.696	-4.79
307.072	-4.7
307.447	-4.62
307.822	-4.62
308.197	-5.26
308.571	-5.74
308.946	-5.66
309.321	-5.64
309.696	-5.16
310.071	-5.23
310.445	-5.15
310.82	-4.11
311.195	-3.41
311.569	-3.28
311.944	-3.98
312.318	-3.38
312.693	-3.23
313.067	-2.74
313.442	-2.59
313.816	-2.74
314.19	-3.1
314.565	-3.1
314.939	-3.44
315.313	-3.43
315.687	-3.07
316.061	-2.49
316.435	-2.66
316.809	-2.38
317.183	-2.44
317.557	-2.52
317.931	-2.51
318.305	-2.51
318.679	-1.97
319.052	-1.84
319.426	-1.77
319.8	-1.34
320.174	-1.41
320.547	-1.41
320.921	-1.69
321.294	-1.48
321.668	-0.98
322.041	-0.77
322.415	-0.54
322.788	-0.62
323.161	-0.48
323.535	-0.46
323.908	-0.18
324.281	0.03
324.654	0.1
325.027	-0.52
325.4	-0.38
325.773	-0.46
326.146	0.25
326.519	0.82
326.892	0.52
327.265	0.25
327.638	0.66
328.011	1
328.383	0.74
328.756	0.67
329.129	1.23
329.501	1.57
329.874	1.79
330.247	0.8
330.619	1.44
330.991	1.93
331.364	2.26
331.736	2.54
332.109	2.61
332.481	2.46
332.853	2.16
333.225	2.1
333.598	1.56
333.97	1.13
334.342	1
334.714	1.21
335.086	0.87
335.458	0.66
335.83	0.66
336.202	1
336.573	0.72
336.945	0.44
337.317	0.51
337.689	0.57
338.06	0.56
338.432	0.07
338.804	-0.07
339.175	0.08
339.547	-0.39
339.918	-0.11
340.29	-0.31
340.661	0.52
341.032	0.18
341.404	0.25
341.775	0.74
342.146	0.39
342.517	-0.18
342.888	0.08
343.259	0.7
343.63	1.18
344.001	1.46
344.372	1.31
344.743	1.25
345.114	1.51
345.485	1.25
345.856	1.31
346.227	1.74
346.597	1.66
346.968	2.21
347.339	2.36
347.709	2.43
348.08	2.08
348.45	1.89
348.821	1.26
349.191	1.39
349.562	1.54
349.932	1.61
350.302	1.46
350.673	1.25
351.043	1.44
351.413	0.74
351.783	0.33
352.153	0.2
352.523	0.18
352.893	0.67
353.263	0.44
353.633	0.3
354.003	0.16
354.373	-0.26
354.743	-0.26
355.112	-0.46
355.482	0.18
355.852	0.18
356.221	0.51
356.591	0.21
356.961	0.98
357.33	1.2
357.7	1.13
358.069	0.7
358.438	0.51
358.808	-0.33
359.177	-0.11
359.546	0.51
359.915	0.72
360.285	1.21
360.654	1.15
361.023	1.62
361.392	1.74
361.761	2.08
362.13	2.51
362.499	2.44
362.868	2.52
363.236	1.9
363.605	2.05
363.974	1.64
364.343	1.38
364.711	1.93
365.08	1.93
365.449	1.87
365.817	1.46
366.186	1.07
366.554	1.28
366.922	0.46
367.291	0.31
367.659	-0.25
368.027	0.3
368.396	0.52
368.764	-0.05
369.132	0.02
369.5	-0.11
369.868	-0.2
370.236	-0.07
370.604	0.2
370.972	0.48
371.34	1.31
371.708	1.38
372.076	1.36
372.443	1.02
372.811	1.08
373.179	1.02
373.547	0.74
373.914	1.08
374.282	1.34
374.649	1.39
375.017	1.33
375.384	1.33
375.752	1.13
376.119	1.07
376.486	0.93
376.853	1.08
377.221	0.67
377.588	0.87
377.955	0.57
378.322	0.51
378.689	0.38
379.056	0.66
379.423	0.1
379.79	0.1
380.157	-0.1
380.524	-0.03
380.891	-0.05
381.257	-0.18
381.624	-0.74
381.991	-0.95
382.357	-1.38
382.724	-1.52
383.09	-1.95
383.457	-2.28
383.823	-2.41
384.19	-2.33
384.556	-2.89
384.923	-2.82
385.289	-2.41
385.655	-2.56
386.021	-2.92
386.387	-2.64
386.754	-2.95
387.12	-3.23
387.486	-3.36
387.852	-3.08
388.218	-2.8
388.583	-2.74
388.949	-3.08
389.315	-2.39
389.681	-2.18
390.047	-2.1
390.412	-2.79
390.778	-3.43
391.144	-3.15
391.509	-3.49
391.875	-3.36
392.24	-3.13
392.605	-2.98
392.971	-3.05
393.336	-3.07
393.702	-3.28
394.067	-3.34
394.432	-3.54
394.797	-2.85
395.162	-2.84
395.527	-2.84
395.892	-2.54
396.257	-2.33
396.622	-2.2
396.987	-2.11
397.352	-2.87
397.717	-2.25
398.082	-2.46
398.446	-2.39
398.811	-2.69
399.176	-2.13
399.54	-1.72
399.905	-1.57
400.269	-1.62
400.634	-1.54
400.998	-1.48
401.363	-1.46
401.727	-1.18
402.091	-1.18
402.456	-1.18
402.82	-1.31
403.184	-0.89
403.548	-0.69
403.912	-0.26
404.276	-0.25
404.64	0.25
405.004	0.82
405.368	1.1
405.732	1.15
406.096	1.36
406.46	1.15
406.823	1.43
407.187	1.49
407.551	1.21
407.914	2.33
408.278	3.18
408.641	3.46
409.005	3.84
409.368	4.46
409.732	4.67
410.095	4.39
410.458	4.25
410.822	4.16
411.185	4.16
411.548	4.44
411.911	4.03
412.274	4.44
412.637	5
413	5.7
413.363	5.79
413.726	6.56
414.089	6.21
414.452	6.26
414.815	5.7
415.177	6.05
415.54	5.92
415.903	5.98
416.265	6.48
416.628	6.48
416.99	6.34
417.353	6.2
417.715	6.39
418.078	6.59
418.44	6.31
418.802	6.26
419.165	6.13
419.527	6.75
419.889	6.2
420.251	6.48
420.613	7.03
420.975	7.03
421.337	6.39
421.699	6.61
422.061	6.26
422.423	6.48
422.785	6.87
423.147	6.87
423.508	6.72
423.87	6.51
424.232	6.3
424.593	6.28
424.955	6.41
425.316	5.72
425.678	6.21
426.039	6.07
426.401	6.49
426.762	6.28
427.123	5.92
427.484	5.98
427.846	6.62
428.207	6.64
428.568	6.92
428.929	6.84
429.29	6.7
429.651	6.15
430.012	5.59
430.373	5.1
430.734	4.18
431.095	4.31
431.455	3.48
431.816	3.52
432.177	3.66
432.537	3.67
432.898	3.97
433.258	3.95
433.619	3.8
433.979	4.07
434.34	3.85
434.7	3.64
435.06	3.56
435.421	2.98
435.781	2.77
436.141	2.92
436.501	2.93
436.861	3.21
437.221	2.93
437.581	2.79
437.941	2.59
438.301	2.23
438.661	1.95
439.021	2.1
439.381	2.52
439.741	2.33
440.1	2.46
440.46	2.59
440.82	2.52
441.179	2.79
441.539	3.62
441.898	3.15
442.258	3.3
442.617	3.1
442.976	2.69
443.336	2.64
443.695	2
444.054	1.85
444.413	1.43
444.772	1.3
445.131	1.08
445.49	1.21
445.849	1.7
446.208	1.79
446.567	2.28
446.926	2.56
447.285	2.9
447.644	2.48
448.002	2.75
448.361	1.84
448.72	1.64
449.078	1.44
449.437	1.8
449.795	1.46
450.154	1.16
450.512	0.48
450.87	0.33
451.229	0.82
451.587	1.79
451.945	1.38
452.303	1.79
452.662	2.43
453.02	1.74
453.378	1.8
453.736	1.74
454.094	1.67
454.452	1.52
454.809	1.66
455.167	1.95
455.525	1.54
455.883	1.84
456.241	1.97
456.598	1.97
456.956	1.43
457.313	2.34
457.671	2
458.028	1.64
458.386	1.13
458.743	1.13
459.1	1.2
459.458	1.33
459.815	1.05
460.172	0.16
460.529	0.16
460.886	-0.26
461.243	-0.48
461.6	-0.54
461.957	-0.75
462.314	-1.02
462.671	-1.16
463.028	-1.64
463.385	-2.21
463.742	-1.66
464.098	-2.64
464.455	-2.08
464.812	-1.25
465.168	-0.9
465.525	-0.34
465.881	0
466.237	0.34
466.594	-0.07
466.95	-0.07
467.306	-0.62
467.663	-1.11
468.019	-0.7
468.375	-0.56
468.731	-0.9
469.087	-0.34
469.443	0.21
469.799	0.28
470.155	0.49
470.511	0.49
470.867	0.34
471.223	0.34
471.578	0.41
471.934	0.2
472.29	0.39
472.645	0.75
473.001	0.52
473.356	-0.31
473.712	-0.52
474.067	-1.3
474.423	-1.3
474.778	-1.03
475.133	-1.02
475.489	-1.3
475.844	-1.3
476.199	-1.02
476.554	-1.38
476.909	-1.59
477.264	-0.75
477.619	-0.41
477.974	0.3
478.329	1.21
478.684	2.25
479.039	2.82
479.393	3.93
479.748	5.11
480.103	6.44
480.457	7.84
480.812	9.1
481.166	11.21
481.521	13.93
481.875	16.93
482.23	19.72
482.584	22.87
482.938	25.93
483.293	29.77
483.647	33.21
484.001	37.2
484.355	41.46
484.709	45.79
485.063	50
485.417	54.89
485.771	61.03
486.125	65.87
486.479	72.03
486.832	78.59
487.186	84.97
487.54	92.48
487.894	100.25
488.247	109.33
488.601	118.02
488.954	127.82
489.308	137.67
489.661	147.75
490.014	157.67
490.368	168.03
490.721	178.95
491.074	191.34
491.427	204.15
491.781	217.49
492.134	231.54
492.487	246.23
492.84	260.36
493.193	274.85
493.546	291.02
493.898	307.1
494.251	324.38
494.604	341.95
494.957	359.93
495.309	378.11
495.662	397.9
496.015	416.66
496.367	435.33
496.72	456.57
497.072	478.67
497.425	500.15
497.777	522.25
498.129	545.11
498.482	567.36
498.834	589.61
499.186	612.13
499.538	636.07
499.89	659.7
500.242	684.54
500.594	708.79
500.946	734.31
501.298	758.87
501.65	784.62
502.002	808.97
502.353	833.95
502.705	860.33
503.057	884.74
503.408	909.28
503.76	933.43
504.111	956.92
504.463	981.82
504.814	1005.61
505.166	1029.74
505.517	1052.74
505.868	1076.23
506.22	1098.82
506.571	1120.64
506.922	1144.15
507.273	1165.7
507.624	1187.18
507.975	1207.74
508.326	1228.8
508.677	1249.02
509.028	1267.97
509.379	1286.79
509.73	1303.66
510.08	1320.77
510.431	1336.23
510.782	1351.49
511.132	1366.16
511.483	1381.34
511.833	1396.31
512.184	1409.66
512.534	1421.69
512.885	1432.95
513.235	1444.21
513.585	1453.66
513.935	1460.85
514.286	1468.61
514.636	1476
514.986	1482.3
515.336	1487.54
515.686	1490.26
516.036	1493.62
516.386	1496.43
516.735	1498.38
517.085	1500
517.435	1502.1
517.785	1502.52
518.134	1501.97
518.484	1500.02
518.834	1496.87
519.183	1492.74
519.533	1487.44
519.882	1482.13
520.231	1476.11
520.581	1469.26
520.93	1459.52
521.279	1450.72
521.628	1441.28
521.978	1431.07
522.327	1419.54
522.676	1408.49
523.025	1396.8
523.374	1384.85
523.723	1372.07
524.071	1357.85
524.42	1343.85
524.769	1329.8
525.118	1315.87
525.466	1301.54
525.815	1284.84
526.164	1268.67
526.512	1252.92
526.861	1238.02
527.209	1221.23
527.557	1203.41
527.906	1187.46
528.254	1168.36
528.602	1150.8
528.951	1133.1
529.299	1114.84
529.647	1095.46
529.995	1076.85
530.343	1057.48
530.691	1038.3
531.039	1019.2
531.387	1000.67
531.735	982.41
532.082	963.87
532.43	944.85
532.778	925.13
533.125	905.26
533.473	885.2
533.82	865.39
534.168	845.89
534.515	826.52
534.863	807.44
535.21	790.1
535.557	771.92
535.905	753.39
536.252	734.85
536.599	716.82
536.946	699.75
537.293	681.7
537.64	664.69
537.987	647.48
538.334	628.74
538.681	609.92
539.028	592.85
539.375	574.05
539.721	556.21
540.068	539.57
540.415	523.49
540.761	506.98
541.108	491.03
541.454	475.15
541.801	460.25
542.147	445.92
542.494	431.21
542.84	415.62
543.186	401.36
543.532	386.95
543.879	373.1
544.225	358.69
544.571	345.39
544.917	332.16
545.263	318.25
545.609	306.02
545.955	293.49
546.3	280.43
546.646	268.26
546.992	257.13
547.338	246.43
547.683	234.69
548.029	223.02
548.374	212.74
548.72	203.79
549.065	193.57
549.411	185.18
549.756	176.15
550.101	167.48
550.447	159.02
550.792	151.03
551.137	144.05
551.482	137.39
551.827	129.92
552.172	123.2
552.517	116.34
552.862	110.13
553.207	103.62
553.552	98.02
553.897	92.28
554.241	87.11
554.586	82.77
554.931	78.02
555.275	73.39
555.62	68.64
555.964	64.3
556.309	59.82
556.653	55.69
556.998	52.11
557.342	48.41
557.686	45.33
558.03	42.82
558.375	39.66
558.719	36.57
559.063	34.64
559.407	32.54
559.751	30.3
560.095	28.62
560.438	26.72
560.782	24.41
561.126	22.93
561.47	20.7
561.813	19.66
562.157	18.74
562.501	18.2
562.844	16.87
563.188	16.66
563.531	15.69
563.875	15.61
564.218	15.18
564.561	14.62
564.904	14.48
565.248	14.28
565.591	14.08
565.934	14.02
566.277	14.23
566.62	14.44
566.963	14.8
567.306	15.92
567.649	15.97
567.991	15.9
568.334	15.62
568.677	15.97
569.02	16.67
569.362	17.16
569.705	17.44
570.047	18.57
570.39	19.07
570.732	19.84
571.074	20.26
571.417	21.25
571.759	22.16
572.101	22.08
572.443	22.79
572.786	23.56
573.128	25.1
573.47	26.21
573.812	27.33
574.154	28.87
574.496	29.44
574.837	31.13
575.179	32.44
575.521	33.72
575.863	34.62
576.204	36.38
576.546	38.2
576.887	39.74
577.229	41.34
577.57	43.31
577.912	44.85
578.253	46.48
578.594	48.57
578.936	50.03
579.277	52
579.618	54.11
579.959	55.3
580.3	57.1
580.641	59.34
580.982	60.8
581.323	63.39
581.664	65.64
582.005	67.67
582.346	69.56
582.686	71.43
583.027	73.18
583.368	74.57
583.708	76.67
584.049	78.21
584.389	79.61
584.73	80.89
585.07	82.43
585.41	83.95
585.75	85.3
586.091	86.62
586.431	88.62
586.771	89.61
587.111	91.28
587.451	92.61
587.791	93.51
588.131	94.41
588.471	95.67
588.811	97.28
589.151	98.9
589.49	100.02
589.83	100.64
590.17	100.85
590.509	101.61
590.849	101.33
591.188	101.82
591.528	102.25
591.867	102.52
592.206	102.25
592.546	102.31
592.885	102.8
593.224	102.25
593.563	102.38
593.902	101.05
594.242	100.49
594.581	99.72
594.919	99.3
595.258	98.72
595.597	97.31
595.936	96.97
596.275	96.11
596.613	95.34
596.952	94.08
597.291	92.54
597.629	91.41
597.968	90.7
598.306	89.64
598.645	88.31
598.983	86.97
599.321	85.84
599.66	83.95
599.998	82.49
600.336	80.39
600.674	78.49
601.012	76.54
601.35	74.72
601.688	72.69
602.026	69.97
602.364	67.85
602.702	65.54
603.04	63.85
603.377	62.26
603.715	60.03
604.053	58.43
604.39	56.54
604.728	54.52
605.065	53.46
605.403	51.9
605.74	50.31
606.077	48.64
606.415	46.89
606.752	45.56
607.089	43.48
607.426	42.41
607.763	40.05
608.1	37.87
608.437	36.39
608.774	35.56
609.111	33.82
609.448	31.79
609.785	30.02
610.121	28.69
610.458	27.43
610.795	25.95
611.131	24.9
611.468	24.54
611.804	22.93
612.141	21.52
612.477	20.46
612.813	19.9
613.15	18.31
613.486	16.36
613.822	15.66
614.158	14.89
614.494	14.82
614.83	13.84
615.166	12.87
615.502	11.9
615.838	12.25
616.174	12.18
616.51	11.13
616.845	10.43
617.181	10.23
617.517	9.25
617.852	8.61
618.188	8.13
618.523	6.8
618.859	5.98
619.194	5.98
619.529	5.62
619.865	4.8
620.2	4.67
620.535	3.61
620.87	3.46
621.205	3.82
621.54	3.82
621.875	3.62
622.21	3.62
622.545	4.25
622.88	4.61
623.215	5.02
623.549	4.52
623.884	4.25
624.219	4.25
624.553	4.52
624.888	4.66
625.222	4.64
625.557	4.59
625.891	5.38
626.225	4.8
626.56	5.08
626.894	5.36
627.228	4.93
627.562	4.87
627.896	5.02
628.23	4.93
628.564	4.82
628.898	4.61
629.232	4.05
629.566	4.61
629.9	4.75
630.233	4.36
630.567	3.89
630.901	4.03
631.234	4.87
631.568	5.02
631.901	4.46
632.235	3.82
632.568	3.9
632.901	4.11
633.235	3.34
633.568	3.05
633.901	3.33
634.234	2.7
634.567	2.23
634.9	1.95
635.233	2.16
635.566	2.21
635.899	1.59
636.232	0.98
636.565	0.7
636.897	0.64
637.23	0.93
637.563	0.64
637.895	0.85
638.228	1.07
638.56	1.41
638.893	1.9
639.225	2.03
639.557	1.69
639.89	1.85
640.222	1.77
640.554	1.62
640.886	1.77
641.218	1.77
641.55	1.56
641.882	1.69
642.214	1.46
642.546	2.02
642.878	1.74
643.209	1.8
643.541	1.11
643.873	1.89
644.204	2.23
644.536	2.44
644.867	1.74
645.199	1.48
645.53	1.62
645.862	1.69
646.193	0.77
646.524	1.33
646.855	0.97
647.186	0.9
647.517	0.97
647.849	0.89
648.18	0.48
648.51	1.38
648.841	1.43
649.172	1.51
649.503	1.3
649.834	0.89
650.164	1.3
650.495	2.11
650.826	2.39
651.156	2.26
651.487	1.51
651.817	1.3
652.147	0.95
652.478	1.66
652.808	1.3
653.138	1.08
653.468	1.64
653.799	2.07
654.129	1.64
654.459	2.07
654.789	2.9
655.119	2.75
655.448	3.1
655.778	3.38
656.108	3.85
656.438	4.05
656.767	4.25
657.097	4.46
657.426	4.59
657.756	4.74
658.085	5.44
658.415	5.36
658.744	5.7
659.074	5.64
659.403	5.85
659.732	6.48
660.061	7.03
660.39	6.97
660.719	6.89
661.048	6.48
661.377	6.54
661.706	5.85
662.035	5.72
662.364	6.21
662.692	5.74
663.021	6.08
663.35	5.89
663.678	6.25
664.007	6.33
664.335	6.03
664.664	6.7
664.992	7.11
665.321	7.25
665.649	7.39
665.977	7.46
666.305	7.44
666.633	7.59
666.961	7.8
667.289	7.52
667.617	7.46
667.945	8.08
668.273	8.13
668.601	7.85
668.929	8
669.256	8.07
669.584	7.79
669.912	7.92
670.239	7.64
670.567	7.44
670.894	7.92
671.222	7.62
671.549	7.75
671.876	7.75
672.203	8.1
672.531	7.61
672.858	8.25
673.185	7.75
673.512	7.33
673.839	7.74
674.166	9.28
674.493	9.21
674.819	9
675.146	9.34
675.473	8.87
675.8	9.02
676.126	9.36
676.453	8.95
676.779	8.26
677.106	8.11
677.432	8.05
677.759	8.2
678.085	7.77
678.411	7.57
678.737	6.8
679.064	6.59
679.39	6.03
679.716	5.54
680.042	4.97
680.368	4.61
680.694	4.9
681.019	5.74
681.345	5.67
681.671	6.08
681.997	6.16
682.322	5.89
682.648	6.25
682.973	6.11
683.299	5.26
683.624	5.31
683.95	4.9
684.275	5.2
684.6	4.51
684.925	4.51
685.251	4.44
685.576	4.08
685.901	4.02
686.226	3.82
686.551	3.18
686.876	3.54
687.2	3.48
687.525	3.07
687.85	2.46
688.175	2.95
688.499	2.8
688.824	2.87
689.148	3.3
689.473	3.3
689.797	3.23
690.122	3.1
690.446	2.33
690.77	2.33
691.095	2.9
691.419	3.18
691.743	3.48
692.067	3.95
692.391	3.95
692.715	4.02
693.039	4.23
693.363	4.31
693.686	3.84
694.01	2.93
694.334	3.21
694.658	3.34
694.981	3.49
695.305	3.49
695.628	3.21
695.952	3.02
696.275	2.66
696.598	3.3
696.922	3.57
697.245	3.21
697.568	3.36
697.891	3.49
698.214	3.7
698.537	3.98
698.86	4.07
699.183	4.97
699.506	4.62
699.829	4.56
700.151	4.36
700.474	4.43
700.797	4.56
701.119	3.93
701.442	4.15
701.764	4
702.087	3.93
702.409	3.98
702.732	3.77
703.054	4.41
703.376	4.41
703.698	3.64
704.02	3.43
704.342	3.43
704.664	3.51
704.986	3.21
705.308	3.15
705.63	2.93
705.952	3.43
706.274	4.07
706.595	4.2
706.917	4.33
707.239	5.36
707.56	5.2
707.882	4.64
708.203	4.44
708.525	4.51
708.846	4.36
709.167	4.59
709.488	4.66
709.81	4.66
710.131	4.72
710.452	3.89
710.773	3.46
711.094	2.92
711.415	2.56
711.735	2.21
712.056	2.64
712.377	2.07
712.698	2.36
713.018	2.56
713.339	2.82
713.659	2.52
713.98	2.23
714.3	2.16
714.621	1.67
714.941	1.66
715.261	1.57
715.581	1.3
715.902	1.72
716.222	1.23
716.542	0.61
716.862	1.31
717.182	0.89
717.502	0.95
717.821	0.52
718.141	0.61
718.461	1.02
718.781	0.48
719.1	0.97
719.42	0.56
719.739	0.34
720.059	0
720.378	0.23
720.698	1.13
721.017	1.56
721.336	1.21
721.655	1.21
721.974	1
722.294	0.57
722.613	0.77
722.932	0.49
723.251	1.61
723.569	1.52
723.888	1.61
724.207	1.39
724.526	1.75
724.844	1.61
725.163	1.74
725.482	1.25
725.8	0.39
726.119	-0.31
726.437	-0.25
726.755	-0.87
727.074	-0.72
727.392	-0.38
727.71	-0.03
728.028	-0.1
728.346	0.05
728.664	-0.38
728.982	-0.1
729.3	-0.03
729.618	0.67
729.936	1.38
730.254	1.1
730.571	1.36
730.889	1.7
731.206	1.79
731.524	1.36
731.841	1.57
732.159	1.36
732.476	1.36
732.794	1.02
733.111	1.3
733.428	1.3
733.745	1.57
734.062	1.64
734.379	1.72
734.696	1.89
735.013	2.57
735.33	2.57
735.647	3.2
735.964	3.97
736.281	2.84
736.597	3.11
736.914	2.92
737.23	3.41
737.547	2.9
737.863	2.28
738.18	2.2
738.496	2.07
738.813	2.54
739.129	3.44
739.445	3.57
739.761	2.98
740.077	2.98
740.393	2.34
740.709	2.54
741.025	2.67
741.341	2.89
741.657	3.25
741.973	3.39
742.288	3.54
742.604	3.48
742.92	3.41
743.235	3.33
743.551	3.67
743.866	3.31
744.181	3.74
744.497	3.75
744.812	3.82
745.127	3.97
745.442	4.18
745.757	3.49
746.073	3.56
746.388	3.69
746.702	3.92
747.017	3.72
747.332	3.74
747.647	3.31
747.962	3.51
748.276	3.44
748.591	3.3
748.906	2.87
749.22	2.31
749.535	2.52
749.849	2.33
750.163	1.62
750.478	1.84
750.792	2.33
751.106	1.79
751.42	1.51
751.734	1.57
752.048	2.21
752.362	1.93
752.676	1.57
752.99	1.03
753.304	1.05
753.618	0.77
753.931	1.26
754.245	0.56
754.558	0.69
754.872	0.54
755.186	-0.31
755.499	-0.23
755.812	-0.23
756.126	0.33
756.439	0.2
756.752	0.41
757.065	0.62
757.378	0.62
757.691	0.2
758.004	0.34
758.317	0.49
758.63	0.21
758.943	0.49
759.256	0
759.568	0.34
759.881	0.49
760.194	0.43
760.506	0.08
760.819	0.43
761.131	0.23
761.444	-0.11
761.756	-0.41
762.068	-0.48
762.38	-0.34
762.693	-0.75
763.005	-0.52
763.317	-0.87
763.629	-1.23
763.941	-1.51
764.253	-1.64
764.564	-1.77
764.876	-1.02
765.188	-0.95
765.5	-1.21
765.811	-1.85
766.123	-2.28
766.434	-2.36
766.746	-2.02
767.057	-1.95
767.369	-2.66
767.68	-2.16
767.991	-2.36
768.302	-2.3
768.613	-2.15
768.924	-1.95
769.235	-1.44
769.546	-1.38
769.857	-2.15
770.168	-1.74
770.479	-1.74
770.79	-2.15
771.1	-2.64
771.411	-2.23
771.722	-1.8
772.032	-1.89
772.343	-1.41
772.653	-1.13
772.963	-1.49
773.274	-1.13
773.584	-1.11
773.894	-1.18
774.204	-0.62
774.514	-0.56
774.824	-0.7
775.134	-1.34
775.444	-1.41
775.754	-1.18
776.064	-1.05
776.374	-1.26
776.683	-0.79
776.993	-0.92
777.302	-0.92
777.612	-0.98
777.921	-1.31
778.231	-1.3
778.54	-1.84
778.85	-1.56
779.159	-1.34
779.468	-0.85
779.777	-1.26
780.086	-1.54
780.395	-1.69
780.704	-1.62
781.013	-0.92
781.322	-0.77
781.631	-0.79
781.939	-0.67
782.248	-0.33
782.557	0.03
782.865	0.8
783.174	1.02
783.482	1.08
783.791	1.16
784.099	1.03
784.407	0.82
784.716	1.16
785.024	1.23
785.332	0.74
785.64	0.46
785.948	0.48
786.256	0.89
786.564	0.26
786.872	-0.03
787.18	0.03
787.487	0.02
787.795	0.08
788.103	0.13
788.41	-0.43
788.718	0.41
789.025	0.05
789.333	0.46
789.64	0.87
789.947	1.57
790.255	1.25
790.562	1.11
790.869	1.39
791.176	0.77
791.483	0.56
791.79	0.15
792.097	0.21
792.404	-0.28
792.711	-0.41
793.017	-0.97
793.324	-0.9
793.631	-1.11
793.937	-0.89
794.244	-0.97
794.55	-0.98
794.857	-0.98
795.163	-0.7
795.469	-0.9
795.776	-1.61
796.082	-2.25
796.388	-1.97
796.694	-1.82
797	-1.41
797.306	-1.28
797.612	-1.77
797.918	-2.2
798.224	-2.75
798.529	-2.41
798.835	-2.21
799.141	-1.85
799.446	-2.05
799.752	-2.69
800.057	-3.39
800.363	-3.31
800.668	-3.31
800.973	-3.18
801.278	-3.26
801.584	-3.89
801.889	-3.61
802.194	-3.82
802.499	-3.89
802.804	-3.69
803.109	-3.54
803.413	-3.82
803.718	-3.67
804.023	-3.38
804.328	-3.3
804.632	-3.16
804.937	-3.16
805.241	-2.82
805.546	-2.61
805.85	-2.54
806.154	-2.75
806.459	-2.69
806.763	-2.82
807.067	-2.67
807.371	-2.74
807.675	-2.8
807.979	-3.23
808.283	-3.02
808.587	-3.59
808.891	-3.46
809.195	-3.03
809.498	-3.25
809.802	-3.05
810.106	-2.98
810.409	-2.66
810.713	-2.72
811.016	-2.31
811.319	-2.59
811.623	-2.02
811.926	-2
812.229	-1.79
812.532	-1.74
812.836	-0.84
813.139	-1.18
813.442	-1.18
813.744	-1.46
814.047	-1.61
814.35	-1.39
814.653	-1.23
814.956	-1.23
815.258	-1.03
815.561	-0.97
815.863	-0.54
816.166	-0.2
816.468	0.15
816.771	0.34
817.073	0.28
817.375	0.15
817.677	0.36
817.979	0.49
818.281	0.84
818.583	1.56
818.885	2.25
819.187	2.11
819.489	1.69
819.791	2.03
820.093	2.8
820.394	2.66
820.696	3.15
820.998	2.31
821.299	1.9
821.6	2.25
821.902	2.31
822.203	2.59
822.504	3.07
822.806	3.07
823.107	2.92
823.408	3.13
823.709	3
824.01	3.21
824.311	3.08
824.612	3.31
824.913	3.26
825.213	3.56
825.514	3.13
825.815	2.64
826.115	2.79
826.416	2.93
826.716	2.74
827.017	2.59
827.317	2.25
827.617	2.1
827.918	1.97
828.218	1.97
828.518	2.33
828.818	2.13
829.118	1.57
829.418	1.44
829.718	1.64
830.018	1.56
830.318	1.48
830.617	1.13
830.917	0.52
831.217	-0.1
831.516	-0.1
831.816	-0.11
832.115	0.18
832.415	0.33
832.714	0.46
833.013	0.23
833.312	0.16
833.612	0.44
833.911	0.39
834.21	-0.1
834.509	-0.18
834.808	-0.11
835.107	-0.59
835.405	-1.23
835.704	-0.97
836.003	-0.62
836.301	-0.61
836.6	-0.38
836.899	-0.52
837.197	-1
837.495	-1.36
837.794	-1.49
838.092	-1.97
838.39	-2.54
838.689	-2.54
838.987	-3.1
839.285	-2.54
839.583	-2.2
839.881	-2.07
840.179	-2.26
840.476	-2.48
840.774	-2.82
841.072	-3.39
841.37	-3.46
841.667	-3.59
841.965	-3.52
842.262	-3.46
842.56	-3.46
842.857	-3.9
843.154	-4.2
843.452	-4.51
843.749	-4.08
844.046	-3.87
844.343	-4.3
844.64	-4.36
844.937	-4.87
845.234	-4.79
845.531	-4.44
845.828	-4.38
846.125	-4.38
846.421	-3.95
846.718	-3.74
847.014	-3.39
847.311	-2.84
847.607	-2.69
847.904	-2.67
848.2	-2.74
848.496	-2.31
848.793	-1.95
849.089	-2.1
849.385	-1.95
849.681	-1.61
849.977	-1.52
850.273	-1.61
850.569	-1.26
850.865	-0.02
851.16	0.26
851.456	0.75
851.752	0.82
852.047	0.25
852.343	0.52
852.638	0.75
852.934	0.62
853.229	0.97
853.524	1.25
853.82	1.05
854.115	0.62
854.41	0.54
854.705	-0.02
855	-0.3
855.295	-0.3
855.59	0.13
855.885	0.28
856.179	0.49
856.474	0.57
856.769	0.79
857.063	1.13
857.358	1.39
857.652	1.39
857.947	1.05
858.241	1.67
858.536	1.48
858.83	1.67
859.124	2.16
859.418	1.89
859.712	2.1
860.006	2.16
860.3	1.75
860.594	1.95
860.888	2.66
861.182	3.08
861.475	3.02
861.769	3.15
862.063	3.3
862.356	3.72
862.65	4.07
862.943	4.7
863.237	5.07
863.53	5.43
863.823	5.7
864.116	6.2
864.41	5.85
864.703	5.02
864.996	4.95
865.289	4.46
865.582	4.3
865.874	4.3
866.167	4.08
866.46	4.02
866.753	3.79
867.045	4.2
867.338	4.39
867.63	3.92
867.923	4.28
868.215	4.15
868.507	4.23
868.8	3.2
869.092	3.34
869.384	3.33
869.676	3.33
869.968	3.61
870.26	3.89
870.552	4.1
870.844	4.46
871.136	4.46
871.427	4.59
871.719	4.44
872.011	4.59
872.302	4.8
872.594	5.15
872.885	5.56
873.177	5.26
873.468	5.26
873.759	5.33
874.05	5.1
874.342	4.87
874.633	4.79
874.924	4.72
875.215	4.89
875.506	4.95
875.796	5.02
876.087	4.39
876.378	4.25
876.669	4.1
876.959	4.1
877.25	4.59
877.54	4.66
877.831	4.74
878.121	5.49
878.412	5.02
878.702	4.31
878.992	4.74
879.282	4.82
879.572	4.82
879.862	5.23
880.152	5.6
880.442	5.41
880.732	5.21
881.022	4.91
881.312	4.61
881.601	4.31
881.891	3.91
882.18	4.06
882.47	4.62
882.759	4.45
883.049	4.8
883.338	5
883.627	5.27
883.917	5.66
884.206	5.59
884.495	5.91
884.784	6.25
885.073	5.91
885.362	6.55
885.65	6.07
885.939	6.42
886.228	6.03
886.517	6.29
886.805	6.11
887.094	5.69
887.382	5.26
887.671	5.41
887.959	5.18
888.247	4.53
888.536	3.84
