155.485000	-10.335000
155.876000	-10.051000
156.266000	-9.905000
156.656000	-10.226000
157.046000	-10.103000
157.436000	-9.750000
157.826000	-9.915000
158.216000	-10.297000
158.606000	-10.726000
158.996000	-10.594000
159.386000	-10.658000
159.776000	-10.438000
160.166000	-10.635000
160.556000	-10.946000
160.945000	-11.644000
161.335000	-11.661000
161.725000	-11.524000
162.114000	-11.529000
162.504000	-11.396000
162.894000	-11.422000
163.283000	-11.355000
163.673000	-11.591000
164.062000	-11.548000
164.452000	-11.775000
164.841000	-11.920000
165.230000	-11.989000
165.620000	-11.867000
166.009000	-11.976000
166.398000	-12.101000
166.787000	-12.312000
167.177000	-12.043000
167.566000	-12.270000
167.955000	-12.158000
168.344000	-12.105000
168.733000	-11.989000
169.122000	-12.251000
169.511000	-12.438000
169.900000	-12.729000
170.289000	-12.767000
170.678000	-12.519000
171.066000	-12.678000
171.455000	-12.611000
171.844000	-12.722000
172.233000	-13.123000
172.621000	-13.090000
173.010000	-13.196000
173.398000	-13.097000
173.787000	-13.009000
174.176000	-12.667000
174.564000	-12.809000
174.952000	-12.682000
175.341000	-12.405000
175.729000	-12.061000
176.118000	-12.085000
176.506000	-12.338000
176.894000	-12.721000
177.282000	-12.776000
177.671000	-13.180000
178.059000	-12.823000
178.447000	-13.002000
178.835000	-12.784000
179.223000	-13.317000
179.611000	-13.510000
179.999000	-13.818000
180.387000	-13.728000
180.775000	-13.804000
181.163000	-13.964000
181.550000	-13.741000
181.938000	-13.430000
182.326000	-13.297000
182.714000	-13.119000
183.101000	-13.105000
183.489000	-13.136000
183.876000	-12.588000
184.264000	-12.130000
184.652000	-11.408000
185.039000	-10.866000
185.427000	-10.447000
185.814000	-10.230000
186.201000	-9.859000
186.589000	-9.532000
186.976000	-9.216000
187.363000	-8.989000
187.750000	-9.035000
188.138000	-8.143000
188.525000	-7.178000
188.912000	-6.703000
189.299000	-6.468000
189.686000	-6.016000
190.073000	-5.820000
190.460000	-5.588000
190.847000	-5.298000
191.234000	-5.151000
191.621000	-4.703000
192.007000	-4.740000
192.394000	-4.991000
192.781000	-4.691000
193.168000	-4.277000
193.554000	-4.310000
193.941000	-3.841000
194.328000	-3.958000
194.714000	-3.808000
195.101000	-3.578000
195.487000	-3.338000
195.874000	-2.897000
196.260000	-2.649000
196.646000	-2.206000
197.033000	-2.153000
197.419000	-1.716000
197.805000	-1.313000
198.191000	-0.792000
198.578000	-0.724000
198.964000	-0.659000
199.350000	-0.422000
199.736000	-0.524000
200.122000	-0.367000
200.508000	0.069000
200.894000	0.834000
201.280000	1.577000
201.666000	1.790000
202.052000	2.211000
202.437000	2.265000
202.823000	2.507000
203.209000	2.919000
203.595000	3.502000
203.980000	4.028000
204.366000	4.268000
204.751000	4.493000
205.137000	4.338000
205.522000	4.499000
205.908000	4.961000
206.293000	4.700000
206.679000	4.867000
207.064000	4.604000
207.449000	4.459000
207.835000	4.426000
208.220000	4.572000
208.605000	4.379000
208.990000	4.208000
209.375000	4.623000
209.760000	4.005000
210.146000	3.812000
210.531000	3.644000
210.916000	3.742000
211.300000	3.879000
211.685000	3.210000
212.070000	2.457000
212.455000	1.682000
212.840000	1.559000
213.225000	1.444000
213.609000	1.613000
213.994000	1.650000
214.379000	1.372000
214.763000	1.111000
215.148000	1.123000
215.532000	1.579000
215.917000	1.842000
216.301000	1.448000
216.686000	1.031000
217.070000	1.481000
217.454000	1.103000
217.839000	0.984000
218.223000	1.073000
218.607000	1.010000
218.991000	0.848000
219.375000	0.851000
219.760000	0.766000
220.144000	0.810000
220.528000	1.008000
220.912000	0.945000
221.296000	0.614000
221.680000	0.438000
222.063000	0.488000
222.447000	0.734000
222.831000	0.806000
223.215000	1.130000
223.599000	1.183000
223.982000	0.999000
224.366000	0.639000
224.749000	0.256000
225.133000	0.258000
225.517000	-0.113000
225.900000	-0.334000
226.284000	0.065000
226.667000	-0.319000
227.050000	-0.219000
227.434000	-0.382000
227.817000	-0.127000
228.200000	0.126000
228.583000	0.102000
228.967000	0.191000
229.350000	0.111000
229.733000	0.457000
230.116000	0.171000
230.499000	0.662000
230.882000	0.592000
231.265000	0.348000
231.648000	0.276000
232.031000	0.018000
232.414000	0.243000
232.796000	0.124000
233.179000	0.302000
233.562000	0.257000
233.945000	0.095000
234.327000	0.047000
234.710000	0.220000
235.092000	0.441000
235.475000	0.545000
235.858000	1.079000
236.240000	1.069000
236.622000	1.076000
237.005000	0.884000
237.387000	0.940000
237.769000	0.953000
238.152000	1.164000
238.534000	1.118000
238.916000	0.950000
239.298000	1.217000
239.680000	1.771000
240.062000	1.888000
240.444000	1.902000
240.826000	2.189000
241.208000	2.104000
241.590000	1.897000
241.972000	1.772000
242.354000	1.903000
242.736000	2.017000
243.118000	1.818000
243.499000	1.711000
243.881000	1.890000
244.263000	1.139000
244.644000	1.269000
245.026000	0.937000
245.407000	1.082000
245.789000	0.728000
246.170000	0.513000
246.552000	0.383000
246.933000	0.243000
247.315000	0.293000
247.696000	0.114000
248.077000	0.393000
248.458000	0.471000
248.839000	0.664000
249.221000	0.635000
249.602000	0.486000
249.983000	0.993000
250.364000	0.898000
250.745000	0.492000
251.126000	0.508000
251.507000	-0.222000
251.888000	0.314000
252.268000	0.212000
252.649000	-0.311000
253.030000	-0.768000
253.411000	-0.763000
253.791000	-1.195000
254.172000	-1.101000
254.553000	-0.664000
254.933000	-0.884000
255.314000	-0.747000
255.694000	-1.086000
256.075000	-1.390000
256.455000	-1.370000
256.835000	-1.419000
257.216000	-1.467000
257.596000	-1.709000
257.976000	-1.788000
258.356000	-1.969000
258.737000	-2.083000
259.117000	-2.185000
259.497000	-2.174000
259.877000	-2.169000
260.257000	-1.929000
260.637000	-2.062000
261.017000	-1.926000
261.397000	-2.003000
261.777000	-2.228000
262.156000	-2.490000
262.536000	-2.773000
262.916000	-3.357000
263.296000	-3.597000
263.675000	-3.609000
264.055000	-3.558000
264.434000	-3.357000
264.814000	-3.439000
265.194000	-3.190000
265.573000	-3.041000
265.952000	-2.940000
266.332000	-3.102000
266.711000	-3.155000
267.090000	-3.288000
267.470000	-2.767000
267.849000	-2.875000
268.228000	-2.931000
268.607000	-2.935000
268.986000	-3.246000
269.365000	-3.473000
269.744000	-3.550000
270.123000	-2.986000
270.502000	-2.960000
270.881000	-2.942000
271.260000	-3.393000
271.639000	-3.664000
272.018000	-3.338000
272.397000	-3.121000
272.775000	-2.829000
273.154000	-3.078000
273.533000	-3.498000
273.911000	-3.334000
274.290000	-4.218000
274.668000	-3.764000
275.047000	-4.217000
275.425000	-4.104000
275.804000	-3.570000
276.182000	-3.232000
276.560000	-2.712000
276.939000	-2.490000
277.317000	-2.628000
277.695000	-2.883000
278.073000	-2.733000
278.451000	-2.596000
278.829000	-2.668000
279.207000	-2.668000
279.585000	-2.689000
279.963000	-2.594000
280.341000	-2.126000
280.719000	-1.947000
281.097000	-2.121000
281.475000	-2.034000
281.853000	-1.976000
282.230000	-1.873000
282.608000	-2.031000
282.986000	-2.008000
283.363000	-2.400000
283.741000	-2.194000
284.118000	-2.687000
284.496000	-2.352000
284.873000	-2.140000
285.251000	-1.816000
285.628000	-2.598000
286.005000	-2.221000
286.383000	-1.828000
286.760000	-2.584000
287.137000	-3.210000
287.514000	-3.180000
287.891000	-2.997000
288.268000	-3.378000
288.646000	-3.480000
289.023000	-3.750000
289.400000	-3.418000
289.776000	-3.468000
290.153000	-3.038000
290.530000	-2.866000
290.907000	-3.034000
291.284000	-2.848000
291.660000	-3.049000
292.037000	-2.602000
292.414000	-2.371000
292.790000	-2.136000
293.167000	-2.270000
293.543000	-2.192000
293.920000	-2.109000
294.296000	-1.842000
294.673000	-1.630000
295.049000	-2.020000
295.426000	-2.458000
295.802000	-2.818000
296.178000	-3.139000
296.554000	-2.854000
296.930000	-2.845000
297.307000	-2.227000
297.683000	-2.377000
298.059000	-1.819000
298.435000	-1.995000
298.811000	-1.770000
299.187000	-1.622000
299.562000	-1.765000
299.938000	-1.663000
300.314000	-1.812000
300.690000	-1.679000
301.066000	-2.136000
301.441000	-2.216000
301.817000	-2.175000
302.192000	-1.999000
302.568000	-1.596000
302.944000	-1.315000
303.319000	-1.343000
303.694000	-0.961000
304.070000	-0.654000
304.445000	-0.894000
304.821000	-0.888000
305.196000	-0.499000
305.571000	-0.213000
305.946000	0.158000
306.321000	0.355000
306.696000	0.402000
307.072000	0.820000
307.447000	0.832000
307.822000	0.978000
308.197000	0.755000
308.571000	1.732000
308.946000	1.570000
309.321000	1.647000
309.696000	2.329000
310.071000	2.635000
310.445000	2.712000
310.820000	3.195000
311.195000	3.128000
311.569000	3.083000
311.944000	3.108000
312.318000	3.564000
312.693000	3.783000
313.067000	3.326000
313.442000	3.307000
313.816000	3.637000
314.190000	3.614000
314.565000	3.569000
314.939000	3.792000
315.313000	3.415000
315.687000	3.534000
316.061000	2.824000
316.435000	2.880000
316.809000	2.978000
317.183000	2.975000
317.557000	2.924000
317.931000	2.494000
318.305000	2.591000
318.679000	2.670000
319.052000	3.075000
319.426000	2.854000
319.800000	3.132000
320.174000	3.020000
320.547000	2.986000
320.921000	2.712000
321.294000	2.869000
321.668000	2.823000
322.041000	2.732000
322.415000	2.921000
322.788000	2.360000
323.161000	2.607000
323.535000	2.704000
323.908000	2.991000
324.281000	3.000000
324.654000	3.117000
325.027000	2.907000
325.400000	2.709000
325.773000	2.644000
326.146000	2.125000
326.519000	1.924000
326.892000	1.890000
327.265000	2.025000
327.638000	1.831000
328.011000	1.510000
328.383000	1.373000
328.756000	0.770000
329.129000	0.965000
329.501000	0.861000
329.874000	0.624000
330.247000	0.543000
330.619000	0.382000
330.991000	0.407000
331.364000	0.510000
331.736000	0.614000
332.109000	0.323000
332.481000	0.399000
332.853000	0.243000
333.225000	0.193000
333.598000	0.023000
333.970000	0.277000
334.342000	0.538000
334.714000	0.359000
335.086000	-0.084000
335.458000	-0.555000
335.830000	-0.684000
336.202000	-0.899000
336.573000	-1.216000
336.945000	-1.019000
337.317000	-1.009000
337.689000	-1.610000
338.060000	-1.826000
338.432000	-2.085000
338.804000	-1.862000
339.175000	-2.121000
339.547000	-2.481000
339.918000	-2.587000
340.290000	-2.591000
340.661000	-2.496000
341.032000	-2.624000
341.404000	-2.595000
341.775000	-2.758000
342.146000	-2.732000
342.517000	-2.716000
342.888000	-2.592000
343.259000	-2.514000
343.630000	-2.562000
344.001000	-2.396000
344.372000	-2.812000
344.743000	-2.707000
345.114000	-3.029000
345.485000	-2.153000
345.856000	-2.140000
346.227000	-2.207000
346.597000	-1.851000
346.968000	-1.920000
347.339000	-2.053000
347.709000	-2.047000
348.080000	-2.296000
348.450000	-2.279000
348.821000	-1.840000
349.191000	-1.666000
349.562000	-1.937000
349.932000	-1.581000
350.302000	-1.024000
350.673000	-1.022000
351.043000	-1.237000
351.413000	-1.097000
351.783000	-1.143000
352.153000	-1.219000
352.523000	-1.102000
352.893000	-1.217000
353.263000	-1.224000
353.633000	-0.664000
354.003000	-0.667000
354.373000	-0.439000
354.743000	-0.087000
355.112000	-0.213000
355.482000	0.049000
355.852000	0.011000
356.221000	-0.093000
356.591000	-0.093000
356.961000	-0.257000
357.330000	0.302000
357.700000	0.225000
358.069000	0.723000
358.438000	1.256000
358.808000	1.408000
359.177000	1.723000
359.546000	1.709000
359.915000	1.725000
360.285000	2.053000
360.654000	2.808000
361.023000	2.793000
361.392000	3.097000
361.761000	3.379000
362.130000	3.408000
362.499000	3.579000
362.868000	3.712000
363.236000	4.145000
363.605000	4.612000
363.974000	4.863000
364.343000	4.914000
364.711000	4.750000
365.080000	4.517000
365.449000	3.806000
365.817000	3.725000
366.186000	3.272000
366.554000	2.735000
366.922000	2.854000
367.291000	2.601000
367.659000	2.378000
368.027000	1.761000
368.396000	1.605000
368.764000	1.264000
369.132000	1.071000
369.500000	0.906000
369.868000	0.977000
370.236000	0.726000
370.604000	0.849000
370.972000	0.581000
371.340000	0.644000
371.708000	0.328000
372.076000	0.319000
372.443000	0.216000
372.811000	0.098000
373.179000	0.044000
373.547000	-0.052000
373.914000	-0.384000
374.282000	-0.596000
374.649000	-0.465000
375.017000	-0.556000
375.384000	-0.612000
375.752000	-0.893000
376.119000	-1.253000
376.486000	-1.214000
376.853000	-1.416000
377.221000	-2.122000
377.588000	-2.211000
377.955000	-2.301000
378.322000	-2.198000
378.689000	-2.676000
379.056000	-2.854000
379.423000	-3.115000
379.790000	-3.719000
380.157000	-3.617000
380.524000	-3.852000
380.891000	-4.375000
381.257000	-4.520000
381.624000	-5.035000
381.991000	-5.385000
382.357000	-5.487000
382.724000	-5.469000
383.090000	-5.860000
383.457000	-5.680000
383.823000	-5.875000
384.190000	-5.586000
384.556000	-5.548000
384.923000	-5.679000
385.289000	-6.102000
385.655000	-6.131000
386.021000	-6.148000
386.387000	-6.523000
386.754000	-6.359000
387.120000	-6.012000
387.486000	-6.205000
387.852000	-5.567000
388.218000	-5.522000
388.583000	-5.337000
388.949000	-5.083000
389.315000	-5.088000
389.681000	-5.137000
390.047000	-4.980000
390.412000	-5.013000
390.778000	-5.123000
391.144000	-5.101000
391.509000	-5.041000
391.875000	-4.833000
392.240000	-5.320000
392.605000	-5.201000
392.971000	-5.055000
393.336000	-5.439000
393.702000	-6.009000
394.067000	-6.130000
394.432000	-6.109000
394.797000	-6.143000
395.162000	-6.589000
395.527000	-6.802000
395.892000	-6.530000
396.257000	-6.283000
396.622000	-6.131000
396.987000	-6.144000
397.352000	-6.115000
397.717000	-6.174000
398.082000	-6.382000
398.446000	-6.420000
398.811000	-6.391000
399.176000	-6.144000
399.540000	-5.678000
399.905000	-5.412000
400.269000	-5.477000
400.634000	-5.770000
400.998000	-5.091000
401.363000	-5.032000
401.727000	-4.977000
402.091000	-4.727000
402.456000	-4.522000
402.820000	-4.202000
403.184000	-4.253000
403.548000	-4.037000
403.912000	-3.348000
404.276000	-3.024000
404.640000	-2.640000
405.004000	-2.659000
405.368000	-2.406000
405.732000	-2.535000
406.096000	-2.359000
406.460000	-2.624000
406.823000	-2.204000
407.187000	-2.223000
407.551000	-2.285000
407.914000	-2.362000
408.278000	-2.660000
408.641000	-2.553000
409.005000	-2.602000
409.368000	-2.811000
409.732000	-2.737000
410.095000	-3.240000
410.458000	-3.287000
410.822000	-3.455000
411.185000	-3.518000
411.548000	-3.436000
411.911000	-2.989000
412.274000	-3.115000
412.637000	-2.754000
413.000000	-2.560000
413.363000	-2.620000
413.726000	-2.612000
414.089000	-2.677000
414.452000	-2.265000
414.815000	-2.196000
415.177000	-2.117000
415.540000	-1.606000
415.903000	-1.205000
416.265000	-1.044000
416.628000	-0.680000
416.990000	-0.677000
417.353000	-0.163000
417.715000	-0.265000
418.078000	-0.288000
418.440000	0.073000
418.802000	0.100000
419.165000	-0.018000
419.527000	-0.256000
419.889000	-0.335000
420.251000	0.137000
420.613000	0.218000
420.975000	-0.163000
421.337000	-0.180000
421.699000	-0.502000
422.061000	-0.743000
422.423000	-0.485000
422.785000	-0.152000
423.147000	-0.616000
423.508000	-0.652000
423.870000	-0.754000
424.232000	-0.458000
424.593000	-0.864000
424.955000	-1.270000
425.316000	-0.884000
425.678000	-1.034000
426.039000	-1.256000
426.401000	-1.090000
426.762000	-1.252000
427.123000	-1.361000
427.484000	-1.835000
427.846000	-2.012000
428.207000	-2.060000
428.568000	-2.407000
428.929000	-2.618000
429.290000	-2.447000
429.651000	-2.150000
430.012000	-1.989000
430.373000	-1.798000
430.734000	-1.768000
431.095000	-1.999000
431.455000	-2.137000
431.816000	-2.109000
432.177000	-1.638000
432.537000	-1.714000
432.898000	-1.352000
433.258000	-1.737000
433.619000	-2.169000
433.979000	-2.647000
434.340000	-2.229000
434.700000	-2.488000
435.060000	-2.615000
435.421000	-2.496000
435.781000	-2.589000
436.141000	-2.850000
436.501000	-2.944000
436.861000	-3.182000
437.221000	-3.529000
437.581000	-3.599000
437.941000	-3.856000
438.301000	-3.690000
438.661000	-3.879000
439.021000	-3.829000
439.381000	-4.316000
439.741000	-4.178000
440.100000	-3.789000
440.460000	-4.258000
440.820000	-4.377000
441.179000	-4.526000
441.539000	-4.402000
441.898000	-4.625000
442.258000	-4.730000
442.617000	-5.248000
442.976000	-5.040000
443.336000	-5.153000
443.695000	-4.629000
444.054000	-4.662000
444.413000	-4.472000
444.772000	-4.477000
445.131000	-4.754000
445.490000	-4.462000
445.849000	-4.254000
446.208000	-4.589000
446.567000	-4.449000
446.926000	-4.279000
447.285000	-4.514000
447.644000	-4.447000
448.002000	-4.416000
448.361000	-4.824000
448.720000	-4.714000
449.078000	-4.782000
449.437000	-4.197000
449.795000	-4.412000
450.154000	-4.393000
450.512000	-4.329000
450.870000	-4.468000
451.229000	-4.687000
451.587000	-4.802000
451.945000	-4.732000
452.303000	-4.251000
452.662000	-4.651000
453.020000	-4.796000
453.378000	-4.310000
453.736000	-4.129000
454.094000	-4.403000
454.452000	-4.466000
454.809000	-4.558000
455.167000	-4.197000
455.525000	-3.966000
455.883000	-3.948000
456.241000	-3.950000
456.598000	-3.752000
456.956000	-3.889000
457.313000	-3.903000
457.671000	-3.871000
458.028000	-3.652000
458.386000	-3.527000
458.743000	-3.195000
459.100000	-3.313000
459.458000	-3.618000
459.815000	-3.394000
460.172000	-3.512000
460.529000	-3.463000
460.886000	-3.793000
461.243000	-3.506000
461.600000	-3.692000
461.957000	-4.136000
462.314000	-3.865000
462.671000	-3.709000
463.028000	-3.283000
463.385000	-2.857000
463.742000	-2.552000
464.098000	-2.987000
464.455000	-2.607000
464.812000	-2.407000
465.168000	-2.682000
465.525000	-3.222000
465.881000	-3.485000
466.237000	-3.849000
466.594000	-3.874000
466.950000	-3.652000
467.306000	-3.745000
467.663000	-3.839000
468.019000	-3.924000
468.375000	-3.920000
468.731000	-4.130000
469.087000	-4.067000
469.443000	-3.970000
469.799000	-4.034000
470.155000	-3.706000
470.511000	-4.382000
470.867000	-4.132000
471.223000	-4.087000
471.578000	-3.576000
471.934000	-3.519000
472.290000	-3.387000
472.645000	-3.254000
473.001000	-2.951000
473.356000	-2.805000
473.712000	-2.857000
474.067000	-2.871000
474.423000	-2.526000
474.778000	-2.596000
475.133000	-2.879000
475.489000	-2.662000
475.844000	-2.332000
476.199000	-2.011000
476.554000	-1.684000
476.909000	-1.324000
477.264000	-0.793000
477.619000	-0.245000
477.974000	0.618000
478.329000	1.310000
478.684000	2.592000
479.039000	3.703000
479.393000	4.956000
479.748000	6.314000
480.103000	7.820000
480.457000	9.262000
480.812000	11.510000
481.166000	13.358000
481.521000	15.531000
481.875000	18.012000
482.230000	20.562000
482.584000	23.843000
482.938000	27.265000
483.293000	30.805000
483.647000	34.832000
484.001000	39.153000
484.355000	43.480000
484.709000	48.059000
485.063000	53.007000
485.417000	59.010000
485.771000	65.817000
486.125000	72.449000
486.479000	79.461000
486.832000	87.235000
487.186000	95.792000
487.540000	104.310000
487.894000	113.441000
488.247000	123.261000
488.601000	133.272000
488.954000	144.274000
489.308000	155.456000
489.661000	167.026000
490.014000	179.228000
490.368000	191.664000
490.721000	204.924000
491.074000	218.631000
491.427000	233.049000
491.781000	247.812000
492.134000	263.984000
492.487000	279.940000
492.840000	296.696000
493.193000	313.866000
493.546000	331.831000
493.898000	350.059000
494.251000	369.008000
494.604000	388.425000
494.957000	408.646000
495.309000	429.100000
495.662000	450.428000
496.015000	472.248000
496.367000	494.976000
496.720000	518.290000
497.072000	541.944000
497.425000	566.113000
497.777000	590.596000
498.129000	615.410000
498.482000	640.392000
498.834000	665.846000
499.186000	691.896000
499.538000	717.729000
499.890000	744.737000
500.242000	771.833000
500.594000	798.852000
500.946000	825.751000
501.298000	853.226000
501.650000	880.347000
502.002000	908.059000
502.353000	935.184000
502.705000	963.290000
503.057000	990.750000
503.408000	1018.017000
503.760000	1045.148000
504.111000	1072.268000
504.463000	1098.879000
504.814000	1125.931000
505.166000	1152.292000
505.517000	1178.470000
505.868000	1204.375000
506.220000	1229.557000
506.571000	1254.507000
506.922000	1278.739000
507.273000	1302.454000
507.624000	1325.448000
507.975000	1347.509000
508.326000	1370.019000
508.677000	1390.820000
509.028000	1411.938000
509.379000	1432.009000
509.730000	1451.062000
510.080000	1470.122000
510.431000	1487.446000
510.782000	1504.455000
511.132000	1520.629000
511.483000	1535.883000
511.833000	1550.645000
512.184000	1564.813000
512.534000	1577.346000
512.885000	1589.013000
513.235000	1600.548000
513.585000	1610.444000
513.935000	1619.229000
514.286000	1627.147000
514.636000	1633.655000
514.986000	1639.649000
515.336000	1645.115000
515.686000	1649.602000
516.036000	1652.963000
516.386000	1655.495000
516.735000	1657.042000
517.085000	1656.588000
517.435000	1655.979000
517.785000	1654.430000
518.134000	1651.982000
518.484000	1648.612000
518.834000	1644.335000
519.183000	1639.450000
519.533000	1633.959000
519.882000	1627.325000
520.231000	1620.009000
520.581000	1611.443000
520.930000	1602.599000
521.279000	1591.584000
521.628000	1580.087000
521.978000	1568.563000
522.327000	1556.450000
522.676000	1543.221000
523.025000	1529.740000
523.374000	1515.626000
523.723000	1501.074000
524.071000	1485.878000
524.420000	1470.349000
524.769000	1454.116000
525.118000	1437.548000
525.466000	1420.104000
525.815000	1402.420000
526.164000	1383.825000
526.512000	1365.392000
526.861000	1345.938000
527.209000	1326.460000
527.557000	1307.033000
527.906000	1287.380000
528.254000	1267.351000
528.602000	1246.991000
528.951000	1226.609000
529.299000	1206.168000
529.647000	1184.761000
529.995000	1163.931000
530.343000	1143.096000
530.691000	1121.761000
531.039000	1100.781000
531.387000	1078.817000
531.735000	1057.629000
532.082000	1036.042000
532.430000	1014.520000
532.778000	993.312000
533.125000	971.798000
533.473000	950.298000
533.820000	929.129000
534.168000	907.853000
534.515000	886.329000
534.863000	865.561000
535.210000	844.730000
535.557000	823.844000
535.905000	803.999000
536.252000	783.712000
536.599000	763.431000
536.946000	743.025000
537.293000	723.170000
537.640000	703.286000
537.987000	683.740000
538.334000	665.092000
538.681000	645.827000
539.028000	626.814000
539.375000	607.385000
539.721000	588.354000
540.068000	570.331000
540.415000	552.005000
540.761000	533.800000
541.108000	516.435000
541.454000	499.064000
541.801000	482.297000
542.147000	465.121000
542.494000	449.158000
542.840000	433.149000
543.186000	417.553000
543.532000	401.972000
543.879000	386.744000
544.225000	371.825000
544.571000	357.215000
544.917000	342.548000
545.263000	328.196000
545.609000	313.995000
545.955000	300.672000
546.300000	287.496000
546.646000	274.676000
546.992000	262.315000
547.338000	250.692000
547.683000	238.923000
548.029000	227.726000
548.374000	216.926000
548.720000	206.496000
549.065000	195.629000
549.411000	185.200000
549.756000	175.273000
550.101000	165.571000
550.447000	156.760000
550.792000	148.397000
551.137000	139.967000
551.482000	131.403000
551.827000	123.631000
552.172000	115.642000
552.517000	108.246000
552.862000	100.938000
553.207000	94.363000
553.552000	87.920000
553.897000	81.618000
554.241000	76.176000
554.586000	69.986000
554.931000	64.726000
555.275000	59.653000
555.620000	54.776000
555.964000	49.925000
556.309000	45.803000
556.653000	41.905000
556.998000	37.636000
557.342000	33.750000
557.686000	30.295000
558.030000	27.111000
558.375000	23.841000
558.719000	20.538000
559.063000	17.805000
559.407000	14.976000
559.751000	13.021000
560.095000	10.924000
560.438000	9.571000
560.782000	8.072000
561.126000	6.272000
561.470000	4.656000
561.813000	2.890000
562.157000	1.487000
562.501000	0.335000
562.844000	-0.897000
563.188000	-1.880000
563.531000	-2.787000
563.875000	-3.174000
564.218000	-4.071000
564.561000	-4.381000
564.904000	-4.380000
565.248000	-4.408000
565.591000	-4.261000
565.934000	-3.647000
566.277000	-3.110000
566.620000	-2.407000
566.963000	-2.247000
567.306000	-1.722000
567.649000	-1.107000
567.991000	-0.557000
568.334000	0.129000
568.677000	0.586000
569.020000	1.454000
569.362000	1.907000
569.705000	2.458000
570.047000	3.515000
570.390000	4.601000
570.732000	5.777000
571.074000	7.234000
571.417000	8.122000
571.759000	8.369000
572.101000	9.477000
572.443000	10.561000
572.786000	11.896000
573.128000	12.988000
573.470000	14.768000
573.812000	15.897000
574.154000	17.212000
574.496000	18.839000
574.837000	20.503000
575.179000	21.796000
575.521000	23.877000
575.863000	25.227000
576.204000	27.106000
576.546000	28.535000
576.887000	30.090000
577.229000	32.088000
577.570000	33.772000
577.912000	36.077000
578.253000	38.092000
578.594000	39.701000
578.936000	42.013000
579.277000	43.817000
579.618000	45.896000
579.959000	47.733000
580.300000	49.718000
580.641000	51.844000
580.982000	53.703000
581.323000	55.883000
581.664000	57.814000
582.005000	59.632000
582.346000	61.751000
582.686000	64.091000
583.027000	66.194000
583.368000	68.406000
583.708000	70.378000
584.049000	72.549000
584.389000	74.319000
584.730000	76.114000
585.070000	78.381000
585.410000	80.093000
585.750000	81.706000
586.091000	83.313000
586.431000	84.755000
586.771000	85.847000
587.111000	86.767000
587.451000	87.572000
587.791000	88.544000
588.131000	89.690000
588.471000	90.585000
588.811000	91.615000
589.151000	92.104000
589.490000	92.659000
589.830000	93.014000
590.170000	93.541000
590.509000	94.281000
590.849000	94.729000
591.188000	95.291000
591.528000	95.463000
591.867000	95.427000
592.206000	95.371000
592.546000	95.734000
592.885000	95.763000
593.224000	95.590000
593.563000	95.154000
593.902000	94.481000
594.242000	93.720000
594.581000	93.516000
594.919000	92.728000
595.258000	92.108000
595.597000	91.450000
595.936000	90.515000
596.275000	89.287000
596.613000	88.505000
596.952000	87.202000
597.291000	86.346000
597.629000	85.088000
597.968000	83.467000
598.306000	82.171000
598.645000	80.618000
598.983000	78.844000
599.321000	77.516000
599.660000	75.614000
599.998000	74.354000
600.336000	73.162000
600.674000	71.771000
601.012000	70.266000
601.350000	68.159000
601.688000	66.457000
602.026000	64.258000
602.364000	62.104000
602.702000	60.343000
603.040000	58.499000
603.377000	56.368000
603.715000	54.628000
604.053000	52.887000
604.390000	50.933000
604.728000	49.015000
605.065000	47.206000
605.403000	44.937000
605.740000	42.844000
606.077000	41.118000
606.415000	39.056000
606.752000	37.045000
607.089000	34.751000
607.426000	33.294000
607.763000	31.792000
608.100000	30.422000
608.437000	28.926000
608.774000	27.531000
609.111000	25.840000
609.448000	24.044000
609.785000	22.933000
610.121000	22.083000
610.458000	20.865000
610.795000	20.002000
611.131000	18.420000
611.468000	16.829000
611.804000	15.284000
612.141000	14.036000
612.477000	12.755000
612.813000	11.272000
613.150000	10.345000
613.486000	9.277000
613.822000	8.311000
614.158000	7.424000
614.494000	6.743000
614.830000	5.893000
615.166000	5.038000
615.502000	4.624000
615.838000	3.851000
616.174000	2.914000
616.510000	2.228000
616.845000	1.345000
617.181000	0.884000
617.517000	0.568000
617.852000	0.107000
618.188000	-0.092000
618.523000	-0.676000
618.859000	-1.340000
619.194000	-2.205000
619.529000	-2.670000
619.865000	-2.980000
620.200000	-3.253000
620.535000	-3.980000
620.870000	-4.549000
621.205000	-4.956000
621.540000	-5.158000
621.875000	-5.123000
622.210000	-5.193000
622.545000	-5.007000
622.880000	-4.521000
623.215000	-4.772000
623.549000	-4.461000
623.884000	-4.110000
624.219000	-4.400000
624.553000	-4.748000
624.888000	-4.667000
625.222000	-4.833000
625.557000	-4.611000
625.891000	-4.366000
626.225000	-4.283000
626.560000	-4.320000
626.894000	-4.102000
627.228000	-3.844000
627.562000	-3.363000
627.896000	-3.987000
628.230000	-4.126000
628.564000	-4.419000
628.898000	-4.198000
629.232000	-4.527000
629.566000	-3.881000
629.900000	-3.659000
630.233000	-3.783000
630.567000	-4.244000
630.901000	-4.217000
631.234000	-4.497000
631.568000	-4.366000
631.901000	-3.848000
632.235000	-3.579000
632.568000	-3.590000
632.901000	-3.416000
633.235000	-2.865000
633.568000	-2.564000
633.901000	-2.254000
634.234000	-2.195000
634.567000	-2.217000
634.900000	-2.185000
635.233000	-1.922000
635.566000	-1.931000
635.899000	-1.906000
636.232000	-2.046000
636.565000	-2.084000
636.897000	-1.528000
637.230000	-1.415000
637.563000	-1.665000
637.895000	-1.821000
638.228000	-1.824000
638.560000	-1.961000
638.893000	-1.855000
639.225000	-1.836000
639.557000	-1.497000
639.890000	-1.335000
640.222000	-0.999000
640.554000	-0.885000
640.886000	-0.625000
641.218000	-1.224000
641.550000	-0.816000
641.882000	-1.025000
642.214000	-1.477000
642.546000	-1.381000
642.878000	-1.558000
643.209000	-2.108000
643.541000	-1.927000
643.873000	-2.487000
644.204000	-2.950000
644.536000	-2.627000
644.867000	-2.933000
645.199000	-3.274000
645.530000	-3.342000
645.862000	-3.044000
646.193000	-3.185000
646.524000	-3.569000
646.855000	-4.047000
647.186000	-4.182000
647.517000	-3.934000
647.849000	-3.813000
648.180000	-3.029000
648.510000	-2.978000
648.841000	-2.702000
649.172000	-2.598000
649.503000	-2.278000
649.834000	-2.688000
650.164000	-2.744000
650.495000	-2.668000
650.826000	-2.362000
651.156000	-2.428000
651.487000	-2.410000
651.817000	-2.407000
652.147000	-2.569000
652.478000	-2.599000
652.808000	-2.526000
653.138000	-2.619000
653.468000	-2.606000
653.799000	-2.750000
654.129000	-2.710000
654.459000	-2.570000
654.789000	-2.316000
655.119000	-1.865000
655.448000	-1.750000
655.778000	-1.286000
656.108000	-1.123000
656.438000	-1.191000
656.767000	-0.888000
657.097000	-1.339000
657.426000	-0.910000
657.756000	-0.715000
658.085000	-0.583000
658.415000	-0.837000
658.744000	-0.723000
659.074000	-0.423000
659.403000	-0.322000
659.732000	-0.160000
660.061000	0.137000
660.390000	-0.216000
660.719000	-0.176000
661.048000	-0.200000
661.377000	0.407000
661.706000	0.240000
662.035000	0.744000
662.364000	0.720000
662.692000	0.825000
663.021000	0.703000
663.350000	1.064000
663.678000	1.118000
664.007000	1.662000
664.335000	2.117000
664.664000	1.757000
664.992000	1.885000
665.321000	2.010000
665.649000	2.084000
665.977000	1.704000
666.305000	1.925000
666.633000	1.579000
666.961000	2.092000
667.289000	2.093000
667.617000	2.175000
667.945000	1.998000
668.273000	1.858000
668.601000	1.529000
668.929000	1.419000
669.256000	1.505000
669.584000	1.252000
669.912000	1.102000
670.239000	0.965000
670.567000	1.603000
670.894000	1.412000
671.222000	1.442000
671.549000	1.791000
671.876000	1.625000
672.203000	1.826000
672.531000	1.751000
672.858000	1.805000
673.185000	2.624000
673.512000	2.765000
673.839000	2.984000
674.166000	2.335000
674.493000	2.741000
674.819000	2.593000
675.146000	2.908000
675.473000	2.962000
675.800000	2.645000
676.126000	2.536000
676.453000	2.569000
676.779000	2.427000
677.106000	2.460000
677.432000	2.317000
677.759000	2.220000
678.085000	2.303000
678.411000	2.478000
678.737000	2.503000
679.064000	2.628000
679.390000	2.222000
679.716000	2.223000
680.042000	2.043000
680.368000	2.485000
680.694000	2.139000
681.019000	2.650000
681.345000	2.235000
681.671000	2.205000
681.997000	1.836000
682.322000	2.319000
682.648000	2.024000
682.973000	2.054000
683.299000	1.634000
683.624000	1.427000
683.950000	1.333000
684.275000	1.319000
684.600000	1.231000
684.925000	1.015000
685.251000	1.244000
685.576000	1.172000
685.901000	1.462000
686.226000	1.496000
686.551000	1.877000
686.876000	2.193000
687.200000	2.057000
687.525000	1.705000
687.850000	1.634000
688.175000	1.489000
688.499000	1.691000
688.824000	1.681000
689.148000	1.307000
689.473000	1.578000
689.797000	1.634000
690.122000	1.797000
690.446000	1.132000
690.770000	1.237000
691.095000	1.499000
691.419000	1.150000
691.743000	1.550000
692.067000	1.272000
692.391000	1.395000
692.715000	1.365000
693.039000	0.832000
693.363000	0.615000
693.686000	0.203000
694.010000	0.903000
694.334000	1.033000
694.658000	1.031000
694.981000	0.496000
695.305000	0.272000
695.628000	0.131000
695.952000	-0.334000
696.275000	-0.257000
696.598000	-0.356000
696.922000	-0.527000
697.245000	-0.588000
697.568000	-0.809000
697.891000	-0.983000
698.214000	-0.907000
698.537000	-0.792000
698.860000	-1.195000
699.183000	-0.580000
699.506000	-0.464000
699.829000	-0.158000
700.151000	-0.639000
700.474000	-0.519000
700.797000	-1.137000
701.119000	-0.443000
701.442000	-0.262000
701.764000	-0.162000
702.087000	-0.231000
702.409000	0.160000
702.732000	0.055000
703.054000	0.420000
703.376000	0.497000
703.698000	0.208000
704.020000	0.290000
704.342000	0.490000
704.664000	0.945000
704.986000	0.635000
705.308000	0.460000
705.630000	-0.174000
705.952000	-0.555000
706.274000	-0.686000
706.595000	-1.141000
706.917000	-0.909000
707.239000	-0.965000
707.560000	-1.097000
707.882000	-0.913000
708.203000	-0.793000
708.525000	-0.657000
708.846000	-0.611000
709.167000	-0.976000
709.488000	-1.198000
709.810000	-1.308000
710.131000	-1.500000
710.452000	-1.436000
710.773000	-1.611000
711.094000	-1.424000
711.415000	-1.495000
711.735000	-1.452000
712.056000	-1.398000
712.377000	-1.562000
712.698000	-1.508000
713.018000	-1.364000
713.339000	-1.433000
713.659000	-2.069000
713.980000	-2.660000
714.300000	-2.905000
714.621000	-2.940000
714.941000	-3.130000
715.261000	-2.990000
715.581000	-2.480000
715.902000	-2.545000
716.222000	-2.718000
716.542000	-2.494000
716.862000	-2.523000
717.182000	-1.795000
717.502000	-1.607000
717.821000	-1.698000
718.141000	-2.003000
718.461000	-1.854000
718.781000	-1.883000
719.100000	-2.303000
719.420000	-2.429000
719.739000	-2.756000
720.059000	-2.460000
720.378000	-2.227000
720.698000	-2.645000
721.017000	-3.020000
721.336000	-3.586000
721.655000	-3.641000
721.974000	-3.588000
722.294000	-3.233000
722.613000	-3.143000
722.932000	-3.152000
723.251000	-3.557000
723.569000	-3.901000
723.888000	-3.830000
724.207000	-4.408000
724.526000	-4.376000
724.844000	-4.048000
725.163000	-3.770000
725.482000	-3.679000
725.800000	-3.562000
726.119000	-4.353000
726.437000	-4.886000
726.755000	-5.313000
727.074000	-5.438000
727.392000	-5.761000
727.710000	-5.537000
728.028000	-5.741000
728.346000	-5.801000
728.664000	-5.561000
728.982000	-5.814000
729.300000	-5.544000
729.618000	-5.564000
729.936000	-5.962000
730.254000	-6.168000
730.571000	-6.427000
730.889000	-6.094000
731.206000	-5.956000
731.524000	-6.139000
731.841000	-5.753000
732.159000	-6.009000
732.476000	-5.822000
732.794000	-5.771000
733.111000	-5.393000
733.428000	-5.533000
733.745000	-5.401000
734.062000	-5.383000
734.379000	-5.407000
734.696000	-5.515000
735.013000	-5.992000
735.330000	-5.951000
735.647000	-5.968000
735.964000	-5.882000
736.281000	-6.035000
736.597000	-6.377000
736.914000	-6.252000
737.230000	-6.397000
737.547000	-6.091000
737.863000	-6.088000
738.180000	-6.080000
738.496000	-6.106000
738.813000	-6.495000
739.129000	-6.608000
739.445000	-6.548000
739.761000	-6.367000
740.077000	-6.113000
740.393000	-6.214000
740.709000	-5.775000
741.025000	-5.935000
741.341000	-6.461000
741.657000	-6.500000
741.973000	-6.744000
742.288000	-7.075000
742.604000	-6.861000
742.920000	-6.973000
743.235000	-6.862000
743.551000	-6.196000
743.866000	-6.229000
744.181000	-6.274000
744.497000	-6.086000
744.812000	-6.132000
745.127000	-5.834000
745.442000	-5.139000
745.757000	-4.288000
746.073000	-3.855000
746.388000	-3.841000
746.702000	-3.946000
747.017000	-3.902000
747.332000	-3.863000
747.647000	-3.909000
747.962000	-4.009000
748.276000	-3.916000
748.591000	-4.268000
748.906000	-4.090000
749.220000	-3.789000
749.535000	-3.421000
749.849000	-3.556000
750.163000	-4.207000
750.478000	-4.388000
750.792000	-4.224000
751.106000	-4.270000
751.420000	-4.203000
751.734000	-4.207000
752.048000	-4.049000
752.362000	-4.197000
752.676000	-4.157000
752.990000	-4.198000
753.304000	-4.094000
753.618000	-4.064000
753.931000	-3.822000
754.245000	-3.634000
754.558000	-3.686000
754.872000	-3.584000
755.186000	-3.581000
755.499000	-3.527000
755.812000	-3.812000
756.126000	-3.896000
756.439000	-4.090000
756.752000	-4.526000
757.065000	-4.642000
757.378000	-5.049000
757.691000	-5.052000
758.004000	-4.787000
758.317000	-4.509000
758.630000	-5.250000
758.943000	-5.896000
759.256000	-6.188000
759.568000	-6.104000
759.881000	-6.197000
760.194000	-6.324000
760.506000	-6.039000
760.819000	-6.399000
761.131000	-6.648000
761.444000	-6.755000
761.756000	-7.024000
762.068000	-6.680000
762.380000	-7.222000
762.693000	-7.626000
763.005000	-7.564000
763.317000	-7.567000
763.629000	-8.198000
763.941000	-7.983000
764.253000	-8.309000
764.564000	-8.409000
764.876000	-8.685000
765.188000	-8.962000
765.500000	-8.859000
765.811000	-8.467000
766.123000	-8.642000
766.434000	-8.610000
766.746000	-9.011000
767.057000	-9.068000
767.369000	-8.593000
767.680000	-8.697000
767.991000	-9.078000
768.302000	-9.001000
768.613000	-9.548000
768.924000	-9.155000
769.235000	-9.215000
769.546000	-8.908000
769.857000	-9.161000
770.168000	-9.176000
770.479000	-9.370000
770.790000	-9.473000
771.100000	-9.638000
771.411000	-9.829000
771.722000	-10.227000
772.032000	-10.355000
772.343000	-10.171000
772.653000	-9.705000
772.963000	-10.093000
773.274000	-10.015000
773.584000	-9.888000
773.894000	-9.810000
774.204000	-9.889000
774.514000	-9.758000
774.824000	-9.915000
775.134000	-10.300000
775.444000	-10.338000
775.754000	-10.207000
776.064000	-10.020000
776.374000	-10.059000
776.683000	-10.476000
776.993000	-10.193000
777.302000	-10.242000
777.612000	-9.802000
777.921000	-9.687000
778.231000	-9.593000
778.540000	-9.543000
778.850000	-9.516000
779.159000	-9.450000
779.468000	-9.489000
779.777000	-9.425000
780.086000	-8.654000
780.395000	-8.081000
780.704000	-7.719000
781.013000	-8.047000
781.322000	-7.839000
781.631000	-7.926000
781.939000	-7.939000
782.248000	-8.093000
782.557000	-7.748000
782.865000	-7.753000
783.174000	-7.724000
783.482000	-7.700000
783.791000	-7.973000
784.099000	-8.056000
784.407000	-8.128000
784.716000	-8.510000
785.024000	-8.572000
785.332000	-8.330000
785.640000	-8.118000
785.948000	-7.888000
786.256000	-8.320000
786.564000	-7.887000
786.872000	-6.883000
787.180000	-6.943000
787.487000	-6.647000
787.795000	-6.590000
788.103000	-6.117000
788.410000	-6.698000
788.718000	-6.411000
789.025000	-6.709000
789.333000	-6.301000
789.640000	-6.411000
789.947000	-6.254000
790.255000	-5.903000
790.562000	-5.008000
790.869000	-4.928000
791.176000	-5.027000
791.483000	-5.647000
791.790000	-5.752000
792.097000	-5.958000
792.404000	-5.967000
792.711000	-5.676000
793.017000	-6.059000
793.324000	-5.947000
793.631000	-5.707000
793.937000	-5.304000
794.244000	-5.084000
794.550000	-5.139000
794.857000	-5.179000
795.163000	-4.796000
795.469000	-4.184000
795.776000	-4.406000
796.082000	-4.107000
796.388000	-4.115000
796.694000	-3.771000
797.000000	-3.849000
797.306000	-3.927000
797.612000	-4.087000
797.918000	-3.957000
798.224000	-3.891000
798.529000	-3.591000
798.835000	-3.987000
799.141000	-4.172000
799.446000	-4.064000
799.752000	-4.242000
800.057000	-4.277000
800.363000	-4.282000
800.668000	-4.302000
800.973000	-4.426000
801.278000	-4.411000
801.584000	-4.423000
801.889000	-4.377000
802.194000	-4.338000
802.499000	-4.511000
802.804000	-4.477000
803.109000	-4.344000
803.413000	-4.230000
803.718000	-4.538000
804.023000	-4.593000
804.328000	-4.260000
804.632000	-4.764000
804.937000	-4.237000
805.241000	-4.353000
805.546000	-4.835000
805.850000	-4.638000
806.154000	-4.498000
806.459000	-4.716000
806.763000	-4.928000
807.067000	-4.409000
807.371000	-4.565000
807.675000	-4.312000
807.979000	-4.618000
808.283000	-4.692000
808.587000	-4.894000
808.891000	-4.751000
809.195000	-5.396000
809.498000	-5.484000
809.802000	-5.781000
810.106000	-5.366000
810.409000	-5.327000
810.713000	-5.319000
811.016000	-5.261000
811.319000	-6.117000
811.623000	-5.952000
811.926000	-5.977000
812.229000	-5.811000
812.532000	-5.952000
812.836000	-6.045000
813.139000	-6.243000
813.442000	-6.419000
813.744000	-6.813000
814.047000	-7.159000
814.350000	-7.194000
814.653000	-7.508000
814.956000	-7.388000
815.258000	-7.267000
815.561000	-6.893000
815.863000	-7.176000
816.166000	-7.086000
816.468000	-6.840000
816.771000	-6.837000
817.073000	-6.844000
817.375000	-7.278000
817.677000	-7.451000
817.979000	-7.386000
818.281000	-6.986000
818.583000	-6.976000
818.885000	-6.925000
819.187000	-6.435000
819.489000	-6.370000
819.791000	-6.039000
820.093000	-6.520000
820.394000	-6.521000
820.696000	-6.781000
820.998000	-6.414000
821.299000	-6.057000
821.600000	-6.120000
821.902000	-6.155000
822.203000	-5.908000
822.504000	-6.402000
822.806000	-6.367000
823.107000	-6.346000
823.408000	-7.095000
823.709000	-7.363000
824.010000	-7.639000
824.311000	-8.055000
824.612000	-8.685000
824.913000	-8.897000
825.213000	-9.006000
825.514000	-9.390000
825.815000	-9.546000
826.115000	-10.052000
826.416000	-9.840000
826.716000	-9.702000
827.017000	-9.488000
827.317000	-9.456000
827.617000	-9.400000
827.918000	-9.262000
828.218000	-9.069000
828.518000	-8.794000
828.818000	-8.628000
829.118000	-8.362000
829.418000	-8.064000
829.718000	-7.705000
830.018000	-7.714000
830.318000	-7.752000
830.617000	-8.128000
830.917000	-8.718000
831.217000	-8.422000
831.516000	-8.218000
831.816000	-8.226000
832.115000	-8.061000
832.415000	-7.891000
832.714000	-7.789000
833.013000	-7.683000
833.312000	-8.027000
833.612000	-8.322000
833.911000	-8.596000
834.210000	-8.072000
834.509000	-8.259000
834.808000	-8.345000
835.107000	-8.197000
835.405000	-8.302000
835.704000	-7.919000
836.003000	-7.606000
836.301000	-7.530000
836.600000	-7.565000
836.899000	-7.289000
837.197000	-6.965000
837.495000	-7.009000
837.794000	-6.908000
838.092000	-6.812000
838.390000	-6.497000
838.689000	-6.474000
838.987000	-6.284000
839.285000	-6.684000
839.583000	-6.802000
839.881000	-6.803000
840.179000	-6.335000
840.476000	-6.207000
840.774000	-6.253000
841.072000	-6.720000
841.370000	-6.135000
841.667000	-5.422000
841.965000	-5.500000
842.262000	-5.762000
842.560000	-5.450000
842.857000	-5.074000
843.154000	-4.902000
843.452000	-4.778000
843.749000	-4.934000
844.046000	-4.685000
844.343000	-4.105000
844.640000	-4.350000
844.937000	-4.187000
845.234000	-3.944000
845.531000	-3.975000
845.828000	-3.656000
846.125000	-3.850000
846.421000	-3.475000
846.718000	-3.636000
847.014000	-4.186000
847.311000	-4.122000
847.607000	-4.422000
847.904000	-4.416000
848.200000	-4.446000
848.496000	-4.228000
848.793000	-3.986000
849.089000	-3.260000
849.385000	-3.112000
849.681000	-2.526000
849.977000	-2.432000
850.273000	-2.436000
850.569000	-2.190000
850.865000	-2.464000
851.160000	-2.511000
851.456000	-2.429000
851.752000	-2.307000
852.047000	-2.396000
852.343000	-2.643000
852.638000	-2.374000
852.934000	-2.336000
853.229000	-2.405000
853.524000	-2.558000
853.820000	-2.420000
854.115000	-2.418000
854.410000	-2.688000
854.705000	-2.611000
855.000000	-2.917000
855.295000	-3.182000
855.590000	-3.452000
855.885000	-3.326000
856.179000	-3.485000
856.474000	-3.213000
856.769000	-3.270000
857.063000	-3.221000
857.358000	-2.935000
857.652000	-3.027000
857.947000	-3.287000
858.241000	-3.895000
858.536000	-4.081000
858.830000	-3.719000
859.124000	-3.147000
859.418000	-3.317000
859.712000	-3.151000
860.006000	-2.883000
860.300000	-2.482000
860.594000	-2.564000
860.888000	-2.017000
861.182000	-1.842000
861.475000	-1.542000
861.769000	-1.100000
862.063000	-1.263000
862.356000	-1.459000
862.650000	-1.264000
862.943000	-1.325000
863.237000	-1.300000
863.530000	-1.639000
863.823000	-1.847000
864.116000	-1.683000
864.410000	-2.124000
864.703000	-2.173000
864.996000	-1.744000
865.289000	-1.644000
865.582000	-1.808000
865.874000	-1.576000
866.167000	-1.534000
866.460000	-1.695000
866.753000	-1.440000
867.045000	-1.418000
867.338000	-1.393000
867.630000	-1.888000
867.923000	-2.057000
868.215000	-1.863000
868.507000	-2.038000
868.800000	-1.887000
869.092000	-1.672000
869.384000	-1.600000
869.676000	-1.291000
869.968000	-1.448000
870.260000	-1.424000
870.552000	-1.521000
870.844000	-2.072000
871.136000	-2.432000
871.427000	-2.786000
871.719000	-2.987000
872.011000	-2.997000
872.302000	-2.844000
872.594000	-3.084000
872.885000	-3.080000
873.177000	-2.816000
873.468000	-3.007000
873.759000	-3.387000
874.050000	-3.623000
874.342000	-3.957000
874.633000	-3.738000
874.924000	-3.607000
875.215000	-3.820000
875.506000	-3.322000
875.796000	-3.227000
876.087000	-2.913000
876.378000	-2.709000
876.669000	-2.693000
876.959000	-2.708000
877.250000	-3.031000
877.540000	-3.585000
877.831000	-3.671000
878.121000	-3.773000
878.412000	-4.213000
878.702000	-4.515000
878.992000	-4.434000
879.282000	-4.851000
879.572000	-5.515000
879.862000	-5.509000
880.152000	-5.536000
880.442000	-5.692000
880.732000	-5.900000
881.022000	-6.330000
881.312000	-6.256000
881.601000	-6.240000
881.891000	-6.252000
882.180000	-6.257000
882.470000	-6.505000
882.759000	-6.345000
883.049000	-6.632000
883.338000	-6.574000
883.627000	-6.750000
883.917000	-6.619000
884.206000	-6.917000
884.495000	-7.345000
884.784000	-7.754000
885.073000	-8.263000
885.362000	-8.276000
885.650000	-8.092000
885.939000	-8.290000
886.228000	-8.308000
886.517000	-8.437000
886.805000	-8.607000
887.094000	-8.664000
887.382000	-9.309000
887.671000	-8.894000
887.959000	-8.794000
888.247000	-8.910000
888.536000	-8.305000
