155.485000	-12.332000
155.876000	-12.056000
156.266000	-11.794000
156.656000	-12.335000
157.046000	-12.047000
157.436000	-11.710000
157.826000	-11.902000
158.216000	-12.169000
158.606000	-12.428000
158.996000	-12.380000
159.386000	-12.346000
159.776000	-11.934000
160.166000	-12.073000
160.556000	-12.266000
160.945000	-12.986000
161.335000	-12.856000
161.725000	-12.656000
162.114000	-12.610000
162.504000	-12.512000
162.894000	-12.466000
163.283000	-12.472000
163.673000	-12.693000
164.062000	-12.642000
164.452000	-12.759000
164.841000	-12.772000
165.230000	-12.822000
165.620000	-12.778000
166.009000	-12.771000
166.398000	-12.682000
166.787000	-12.833000
167.177000	-12.479000
167.566000	-12.656000
167.955000	-12.575000
168.344000	-12.502000
168.733000	-12.367000
169.122000	-12.599000
169.511000	-12.885000
169.900000	-13.094000
170.289000	-13.000000
170.678000	-12.874000
171.066000	-12.974000
171.455000	-13.043000
171.844000	-13.026000
172.233000	-13.374000
172.621000	-13.228000
173.010000	-13.426000
173.398000	-13.472000
173.787000	-13.386000
174.176000	-12.923000
174.564000	-12.975000
174.952000	-12.730000
175.341000	-12.446000
175.729000	-12.116000
176.118000	-12.160000
176.506000	-12.409000
176.894000	-12.821000
177.282000	-12.852000
177.671000	-13.338000
178.059000	-13.043000
178.447000	-13.257000
178.835000	-13.053000
179.223000	-13.459000
179.611000	-13.687000
179.999000	-14.103000
180.387000	-13.960000
180.775000	-14.130000
181.163000	-14.371000
181.550000	-14.202000
181.938000	-14.055000
182.326000	-14.031000
182.714000	-13.930000
183.101000	-14.024000
183.489000	-14.219000
183.876000	-13.675000
184.264000	-13.304000
184.652000	-12.644000
185.039000	-12.280000
185.427000	-11.888000
185.814000	-11.665000
186.201000	-11.207000
186.589000	-10.963000
186.976000	-10.514000
187.363000	-10.234000
187.750000	-10.301000
188.138000	-9.537000
188.525000	-8.918000
188.912000	-8.595000
189.299000	-8.428000
189.686000	-8.037000
190.073000	-8.142000
190.460000	-8.028000
190.847000	-7.830000
191.234000	-7.804000
191.621000	-7.603000
192.007000	-7.633000
192.394000	-7.894000
192.781000	-7.543000
193.168000	-7.108000
193.554000	-7.137000
193.941000	-6.918000
194.328000	-6.884000
194.714000	-6.783000
195.101000	-6.570000
195.487000	-6.502000
195.874000	-6.190000
196.260000	-6.088000
196.646000	-5.536000
197.033000	-5.274000
197.419000	-4.900000
197.805000	-4.653000
198.191000	-4.263000
198.578000	-4.118000
198.964000	-4.060000
199.350000	-4.027000
199.736000	-4.030000
200.122000	-3.733000
200.508000	-3.431000
200.894000	-2.744000
201.280000	-2.012000
201.666000	-1.855000
202.052000	-1.429000
202.437000	-1.279000
202.823000	-1.184000
203.209000	-0.855000
203.595000	-0.222000
203.980000	0.432000
204.366000	0.604000
204.751000	1.086000
205.137000	1.030000
205.522000	1.306000
205.908000	1.707000
206.293000	1.610000
206.679000	1.802000
207.064000	1.555000
207.449000	1.359000
207.835000	1.405000
208.220000	1.525000
208.605000	1.349000
208.990000	1.197000
209.375000	1.541000
209.760000	0.756000
210.146000	0.633000
210.531000	0.403000
210.916000	0.354000
211.300000	0.549000
211.685000	-0.100000
212.070000	-0.595000
212.455000	-1.264000
212.840000	-1.182000
213.225000	-1.274000
213.609000	-1.088000
213.994000	-1.004000
214.379000	-1.237000
214.763000	-1.287000
215.148000	-1.041000
215.532000	-0.547000
215.917000	-0.280000
216.301000	-0.752000
216.686000	-1.044000
217.070000	-0.473000
217.454000	-0.752000
217.839000	-0.898000
218.223000	-0.925000
218.607000	-1.110000
218.991000	-1.080000
219.375000	-1.050000
219.760000	-1.098000
220.144000	-1.105000
220.528000	-0.951000
220.912000	-0.964000
221.296000	-1.104000
221.680000	-1.052000
222.063000	-1.173000
222.447000	-0.938000
222.831000	-0.710000
223.215000	-0.517000
223.599000	-0.587000
223.982000	-0.585000
224.366000	-0.932000
224.749000	-1.200000
225.133000	-1.278000
225.517000	-1.587000
225.900000	-1.651000
226.284000	-1.147000
226.667000	-1.302000
227.050000	-1.288000
227.434000	-1.494000
227.817000	-1.237000
228.200000	-1.086000
228.583000	-1.090000
228.967000	-1.069000
229.350000	-1.028000
229.733000	-0.860000
230.116000	-1.271000
230.499000	-0.772000
230.882000	-0.698000
231.265000	-0.992000
231.648000	-0.875000
232.031000	-1.132000
232.414000	-1.177000
232.796000	-1.304000
233.179000	-1.078000
233.562000	-1.203000
233.945000	-1.352000
234.327000	-1.371000
234.710000	-1.290000
235.092000	-1.069000
235.475000	-1.092000
235.858000	-0.436000
236.240000	-0.612000
236.622000	-0.671000
237.005000	-0.902000
237.387000	-0.961000
237.769000	-0.928000
238.152000	-0.831000
238.534000	-0.870000
238.916000	-1.016000
239.298000	-0.708000
239.680000	-0.158000
240.062000	-0.152000
240.444000	-0.456000
240.826000	-0.198000
241.208000	-0.369000
241.590000	-0.684000
241.972000	-0.764000
242.354000	-0.795000
242.736000	-0.640000
243.118000	-0.862000
243.499000	-0.914000
243.881000	-0.850000
244.263000	-1.458000
244.644000	-1.502000
245.026000	-1.921000
245.407000	-1.806000
245.789000	-2.085000
246.170000	-2.443000
246.552000	-2.383000
246.933000	-2.497000
247.315000	-2.314000
247.696000	-2.409000
248.077000	-2.113000
248.458000	-1.952000
248.839000	-1.808000
249.221000	-2.040000
249.602000	-2.180000
249.983000	-1.885000
250.364000	-1.821000
250.745000	-2.289000
251.126000	-2.268000
251.507000	-3.007000
251.888000	-2.527000
252.268000	-2.588000
252.649000	-3.272000
253.030000	-3.607000
253.411000	-3.322000
253.791000	-3.990000
254.172000	-4.136000
254.553000	-3.802000
254.933000	-4.244000
255.314000	-4.150000
255.694000	-4.460000
256.075000	-4.655000
256.455000	-4.727000
256.835000	-4.870000
257.216000	-4.912000
257.596000	-5.256000
257.976000	-5.281000
258.356000	-5.525000
258.737000	-5.617000
259.117000	-6.126000
259.497000	-6.065000
259.877000	-6.056000
260.257000	-5.788000
260.637000	-5.818000
261.017000	-5.730000
261.397000	-5.790000
261.777000	-6.087000
262.156000	-6.416000
262.536000	-6.628000
262.916000	-7.052000
263.296000	-7.403000
263.675000	-7.293000
264.055000	-7.094000
264.434000	-6.818000
264.814000	-6.740000
265.194000	-6.470000
265.573000	-6.336000
265.952000	-6.263000
266.332000	-6.318000
266.711000	-6.545000
267.090000	-6.660000
267.470000	-6.254000
267.849000	-6.304000
268.228000	-6.551000
268.607000	-6.555000
268.986000	-6.964000
269.365000	-6.983000
269.744000	-7.182000
270.123000	-6.705000
270.502000	-6.883000
270.881000	-6.855000
271.260000	-7.426000
271.639000	-7.624000
272.018000	-7.379000
272.397000	-7.085000
272.775000	-6.994000
273.154000	-7.245000
273.533000	-7.754000
273.911000	-7.541000
274.290000	-8.279000
274.668000	-7.874000
275.047000	-8.303000
275.425000	-8.102000
275.804000	-7.583000
276.182000	-7.075000
276.560000	-6.664000
276.939000	-6.186000
277.317000	-6.203000
277.695000	-6.386000
278.073000	-6.087000
278.451000	-5.982000
278.829000	-5.893000
279.207000	-5.978000
279.585000	-6.007000
279.963000	-5.748000
280.341000	-5.385000
280.719000	-5.111000
281.097000	-5.374000
281.475000	-5.174000
281.853000	-5.055000
282.230000	-4.735000
282.608000	-4.809000
282.986000	-4.795000
283.363000	-5.167000
283.741000	-4.914000
284.118000	-5.430000
284.496000	-5.146000
284.873000	-4.995000
285.251000	-4.832000
285.628000	-5.869000
286.005000	-5.747000
286.383000	-5.358000
286.760000	-6.038000
287.137000	-6.845000
287.514000	-6.889000
287.891000	-6.697000
288.268000	-7.040000
288.646000	-7.156000
289.023000	-7.369000
289.400000	-7.345000
289.776000	-7.056000
290.153000	-6.719000
290.530000	-6.633000
290.907000	-6.822000
291.284000	-6.597000
291.660000	-6.661000
292.037000	-6.205000
292.414000	-6.187000
292.790000	-6.002000
293.167000	-6.134000
293.543000	-6.157000
293.920000	-6.139000
294.296000	-5.914000
294.673000	-5.793000
295.049000	-6.085000
295.426000	-6.497000
295.802000	-6.729000
296.178000	-6.977000
296.554000	-6.739000
296.930000	-6.916000
297.307000	-6.480000
297.683000	-6.557000
298.059000	-6.124000
298.435000	-6.362000
298.811000	-6.149000
299.187000	-6.307000
299.562000	-6.542000
299.938000	-6.319000
300.314000	-6.582000
300.690000	-6.572000
301.066000	-6.934000
301.441000	-6.778000
301.817000	-6.852000
302.192000	-6.722000
302.568000	-6.181000
302.944000	-5.899000
303.319000	-5.918000
303.694000	-5.597000
304.070000	-5.216000
304.445000	-5.321000
304.821000	-5.195000
305.196000	-4.725000
305.571000	-4.491000
305.946000	-4.226000
306.321000	-3.945000
306.696000	-3.831000
307.072000	-3.374000
307.447000	-3.168000
307.822000	-3.103000
308.197000	-3.208000
308.571000	-2.068000
308.946000	-2.121000
309.321000	-1.960000
309.696000	-1.311000
310.071000	-0.996000
310.445000	-1.036000
310.820000	-0.518000
311.195000	-0.439000
311.569000	-0.498000
311.944000	-0.522000
312.318000	0.188000
312.693000	0.085000
313.067000	-0.180000
313.442000	-0.103000
313.816000	0.211000
314.190000	0.206000
314.565000	0.119000
314.939000	0.327000
315.313000	0.073000
315.687000	0.334000
316.061000	-0.206000
316.435000	0.011000
316.809000	0.112000
317.183000	0.230000
317.557000	0.069000
317.931000	-0.275000
318.305000	-0.258000
318.679000	-0.285000
319.052000	0.150000
319.426000	0.044000
319.800000	0.479000
320.174000	0.392000
320.547000	0.214000
320.921000	0.080000
321.294000	0.238000
321.668000	0.167000
322.041000	0.204000
322.415000	0.352000
322.788000	-0.108000
323.161000	0.256000
323.535000	0.550000
323.908000	0.551000
324.281000	0.342000
324.654000	0.439000
325.027000	0.343000
325.400000	0.111000
325.773000	-0.065000
326.146000	-0.415000
326.519000	-0.512000
326.892000	-0.536000
327.265000	-0.790000
327.638000	-1.133000
328.011000	-1.429000
328.383000	-1.543000
328.756000	-2.116000
329.129000	-1.968000
329.501000	-2.213000
329.874000	-2.449000
330.247000	-2.639000
330.619000	-2.555000
330.991000	-2.564000
331.364000	-2.423000
331.736000	-2.365000
332.109000	-2.645000
332.481000	-2.635000
332.853000	-2.818000
333.225000	-2.668000
333.598000	-2.906000
333.970000	-2.513000
334.342000	-2.247000
334.714000	-2.215000
335.086000	-2.701000
335.458000	-3.154000
335.830000	-3.438000
336.202000	-3.638000
336.573000	-3.956000
336.945000	-3.772000
337.317000	-3.660000
337.689000	-4.025000
338.060000	-4.328000
338.432000	-4.726000
338.804000	-4.554000
339.175000	-4.894000
339.547000	-5.321000
339.918000	-5.502000
340.290000	-5.272000
340.661000	-5.296000
341.032000	-5.620000
341.404000	-5.636000
341.775000	-5.682000
342.146000	-5.837000
342.517000	-5.843000
342.888000	-5.660000
343.259000	-5.459000
343.630000	-5.719000
344.001000	-5.639000
344.372000	-5.961000
344.743000	-5.923000
345.114000	-6.223000
345.485000	-5.572000
345.856000	-5.697000
346.227000	-5.912000
346.597000	-5.492000
346.968000	-5.424000
347.339000	-5.410000
347.709000	-5.546000
348.080000	-5.946000
348.450000	-6.095000
348.821000	-5.785000
349.191000	-5.646000
349.562000	-5.907000
349.932000	-5.354000
350.302000	-4.844000
350.673000	-4.863000
351.043000	-5.223000
351.413000	-5.059000
351.783000	-5.128000
352.153000	-5.116000
352.523000	-5.082000
352.893000	-5.231000
353.263000	-5.377000
353.633000	-4.818000
354.003000	-4.941000
354.373000	-4.692000
354.743000	-4.256000
355.112000	-4.492000
355.482000	-4.191000
355.852000	-4.291000
356.221000	-4.391000
356.591000	-4.684000
356.961000	-4.908000
357.330000	-4.539000
357.700000	-4.635000
358.069000	-3.977000
358.438000	-3.250000
358.808000	-3.139000
359.177000	-2.828000
359.546000	-2.798000
359.915000	-2.785000
360.285000	-2.609000
360.654000	-1.833000
361.023000	-1.778000
361.392000	-1.764000
361.761000	-1.350000
362.130000	-1.253000
362.499000	-1.109000
362.868000	-1.010000
363.236000	-0.555000
363.605000	0.198000
363.974000	0.400000
364.343000	0.326000
364.711000	0.272000
365.080000	0.046000
365.449000	-0.599000
365.817000	-0.687000
366.186000	-0.911000
366.554000	-1.329000
366.922000	-1.156000
367.291000	-1.301000
367.659000	-1.522000
368.027000	-2.100000
368.396000	-2.197000
368.764000	-2.568000
369.132000	-2.659000
369.500000	-2.856000
369.868000	-2.734000
370.236000	-2.871000
370.604000	-2.532000
370.972000	-2.639000
371.340000	-2.521000
371.708000	-2.880000
372.076000	-2.943000
372.443000	-3.214000
372.811000	-3.370000
373.179000	-3.413000
373.547000	-3.462000
373.914000	-3.697000
374.282000	-3.879000
374.649000	-3.744000
375.017000	-3.789000
375.384000	-3.799000
375.752000	-3.997000
376.119000	-4.412000
376.486000	-4.179000
376.853000	-4.240000
377.221000	-5.189000
377.588000	-5.112000
377.955000	-5.159000
378.322000	-5.090000
378.689000	-5.534000
379.056000	-5.733000
379.423000	-5.806000
379.790000	-6.385000
380.157000	-6.221000
380.524000	-6.453000
380.891000	-6.980000
381.257000	-7.025000
381.624000	-7.495000
381.991000	-7.809000
382.357000	-7.920000
382.724000	-7.867000
383.090000	-8.251000
383.457000	-8.171000
383.823000	-8.100000
384.190000	-7.894000
384.556000	-7.887000
384.923000	-8.059000
385.289000	-8.474000
385.655000	-8.511000
386.021000	-8.657000
386.387000	-8.937000
386.754000	-8.700000
387.120000	-8.389000
387.486000	-8.603000
387.852000	-8.054000
388.218000	-8.041000
388.583000	-7.984000
388.949000	-7.622000
389.315000	-7.757000
389.681000	-7.812000
390.047000	-7.546000
390.412000	-7.702000
390.778000	-7.756000
391.144000	-7.553000
391.509000	-7.516000
391.875000	-7.387000
392.240000	-7.886000
392.605000	-7.897000
392.971000	-7.726000
393.336000	-7.995000
393.702000	-8.561000
394.067000	-8.715000
394.432000	-8.720000
394.797000	-8.503000
395.162000	-8.898000
395.527000	-9.085000
395.892000	-8.799000
396.257000	-8.610000
396.622000	-8.497000
396.987000	-8.550000
397.352000	-8.655000
397.717000	-8.628000
398.082000	-8.941000
398.446000	-8.748000
398.811000	-8.886000
399.176000	-8.657000
399.540000	-8.003000
399.905000	-7.725000
400.269000	-7.948000
400.634000	-8.180000
400.998000	-7.754000
401.363000	-7.652000
401.727000	-7.603000
402.091000	-7.281000
402.456000	-7.220000
402.820000	-6.955000
403.184000	-6.993000
403.548000	-6.840000
403.912000	-6.180000
404.276000	-5.849000
404.640000	-5.592000
405.004000	-5.666000
405.368000	-5.320000
405.732000	-5.413000
406.096000	-5.292000
406.460000	-5.617000
406.823000	-5.123000
407.187000	-4.956000
407.551000	-5.135000
407.914000	-5.145000
408.278000	-5.289000
408.641000	-5.139000
409.005000	-5.224000
409.368000	-5.375000
409.732000	-5.106000
410.095000	-5.416000
410.458000	-5.499000
410.822000	-5.518000
411.185000	-5.913000
411.548000	-5.662000
411.911000	-5.216000
412.274000	-5.326000
412.637000	-4.941000
413.000000	-4.782000
413.363000	-4.870000
413.726000	-4.881000
414.089000	-4.795000
414.452000	-4.435000
414.815000	-4.305000
415.177000	-4.271000
415.540000	-3.864000
415.903000	-3.533000
416.265000	-3.365000
416.628000	-2.945000
416.990000	-3.098000
417.353000	-2.665000
417.715000	-2.653000
418.078000	-2.729000
418.440000	-2.241000
418.802000	-2.242000
419.165000	-2.411000
419.527000	-2.560000
419.889000	-2.754000
420.251000	-2.282000
420.613000	-2.282000
420.975000	-2.752000
421.337000	-2.864000
421.699000	-3.165000
422.061000	-3.444000
422.423000	-3.098000
422.785000	-2.829000
423.147000	-3.060000
423.508000	-3.153000
423.870000	-3.303000
424.232000	-3.070000
424.593000	-3.458000
424.955000	-3.802000
425.316000	-3.545000
425.678000	-3.952000
426.039000	-4.297000
426.401000	-4.340000
426.762000	-4.479000
427.123000	-4.815000
427.484000	-5.358000
427.846000	-5.532000
428.207000	-5.591000
428.568000	-5.808000
428.929000	-6.168000
429.290000	-6.102000
429.651000	-5.709000
430.012000	-5.550000
430.373000	-5.410000
430.734000	-5.389000
431.095000	-5.748000
431.455000	-5.903000
431.816000	-5.953000
432.177000	-5.684000
432.537000	-5.777000
432.898000	-5.407000
433.258000	-5.608000
433.619000	-6.149000
433.979000	-6.638000
434.340000	-6.312000
434.700000	-6.598000
435.060000	-6.695000
435.421000	-6.505000
435.781000	-6.588000
436.141000	-6.837000
436.501000	-6.915000
436.861000	-7.018000
437.221000	-7.504000
437.581000	-7.521000
437.941000	-7.523000
438.301000	-7.370000
438.661000	-7.535000
439.021000	-7.475000
439.381000	-7.806000
439.741000	-7.735000
440.100000	-7.328000
440.460000	-7.974000
440.820000	-7.970000
441.179000	-8.141000
441.539000	-8.031000
441.898000	-8.144000
442.258000	-8.145000
442.617000	-8.666000
442.976000	-8.510000
443.336000	-8.562000
443.695000	-8.052000
444.054000	-8.128000
444.413000	-7.844000
444.772000	-7.735000
445.131000	-7.951000
445.490000	-7.631000
445.849000	-7.376000
446.208000	-7.742000
446.567000	-7.532000
446.926000	-7.290000
447.285000	-7.435000
447.644000	-7.047000
448.002000	-6.840000
448.361000	-7.018000
448.720000	-6.858000
449.078000	-6.771000
449.437000	-6.054000
449.795000	-6.168000
450.154000	-6.044000
450.512000	-5.995000
450.870000	-6.015000
451.229000	-6.233000
451.587000	-6.459000
451.945000	-6.471000
452.303000	-6.060000
452.662000	-6.410000
453.020000	-6.513000
453.378000	-6.052000
453.736000	-6.049000
454.094000	-6.362000
454.452000	-6.307000
454.809000	-6.450000
455.167000	-6.060000
455.525000	-5.840000
455.883000	-5.880000
456.241000	-5.943000
456.598000	-5.710000
456.956000	-5.773000
457.313000	-6.009000
457.671000	-5.858000
458.028000	-5.701000
458.386000	-5.474000
458.743000	-5.355000
459.100000	-5.402000
459.458000	-5.573000
459.815000	-5.587000
460.172000	-5.674000
460.529000	-5.585000
460.886000	-5.891000
461.243000	-5.544000
461.600000	-5.748000
461.957000	-6.030000
462.314000	-5.758000
462.671000	-5.794000
463.028000	-5.245000
463.385000	-4.945000
463.742000	-4.772000
464.098000	-5.181000
464.455000	-4.876000
464.812000	-4.555000
465.168000	-4.896000
465.525000	-5.499000
465.881000	-5.663000
466.237000	-6.108000
466.594000	-6.195000
466.950000	-6.023000
467.306000	-6.111000
467.663000	-6.257000
468.019000	-6.349000
468.375000	-6.368000
468.731000	-6.711000
469.087000	-6.525000
469.443000	-6.377000
469.799000	-6.481000
470.155000	-6.277000
470.511000	-6.954000
470.867000	-6.725000
471.223000	-6.786000
471.578000	-6.390000
471.934000	-6.416000
472.290000	-6.459000
472.645000	-6.310000
473.001000	-6.053000
473.356000	-5.908000
473.712000	-5.960000
474.067000	-6.011000
474.423000	-5.741000
474.778000	-5.829000
475.133000	-6.169000
475.489000	-5.862000
475.844000	-5.439000
476.199000	-5.134000
476.554000	-4.910000
476.909000	-4.518000
477.264000	-3.941000
477.619000	-3.432000
477.974000	-2.545000
478.329000	-2.039000
478.684000	-0.920000
479.039000	0.055000
479.393000	1.106000
479.748000	2.226000
480.103000	3.418000
480.457000	4.769000
480.812000	6.854000
481.166000	8.227000
481.521000	10.044000
481.875000	12.200000
482.230000	14.316000
482.584000	17.215000
482.938000	20.018000
483.293000	23.166000
483.647000	26.618000
484.001000	30.236000
484.355000	34.313000
484.709000	38.126000
485.063000	42.688000
485.417000	48.067000
485.771000	53.944000
486.125000	59.556000
486.479000	65.640000
486.832000	72.330000
487.186000	79.727000
487.540000	87.139000
487.894000	94.871000
488.247000	103.202000
488.601000	111.903000
488.954000	121.261000
489.308000	130.904000
489.661000	140.964000
490.014000	151.366000
490.368000	161.724000
490.721000	173.163000
491.074000	184.740000
491.427000	197.118000
491.781000	209.907000
492.134000	223.712000
492.487000	237.733000
492.840000	252.363000
493.193000	267.371000
493.546000	282.817000
493.898000	299.011000
494.251000	315.616000
494.604000	332.819000
494.957000	350.607000
495.309000	368.510000
495.662000	386.875000
496.015000	405.842000
496.367000	426.018000
496.720000	446.540000
497.072000	467.364000
497.425000	488.887000
497.777000	510.151000
498.129000	531.832000
498.482000	553.845000
498.834000	576.006000
499.186000	598.645000
499.538000	621.153000
499.890000	645.090000
500.242000	668.755000
500.594000	693.073000
500.946000	716.446000
501.298000	740.890000
501.650000	764.906000
502.002000	789.489000
502.353000	813.811000
502.705000	838.910000
503.057000	863.255000
503.408000	887.620000
503.760000	911.756000
504.111000	936.274000
504.463000	960.049000
504.814000	984.137000
505.166000	1007.405000
505.517000	1030.847000
505.868000	1053.601000
506.220000	1076.465000
506.571000	1097.964000
506.922000	1119.689000
507.273000	1140.771000
507.624000	1161.618000
507.975000	1181.834000
508.326000	1202.270000
508.677000	1221.517000
509.028000	1240.126000
509.379000	1258.305000
509.730000	1275.540000
510.080000	1292.772000
510.431000	1308.517000
510.782000	1324.034000
511.132000	1338.794000
511.483000	1353.058000
511.833000	1367.079000
512.184000	1379.921000
512.534000	1391.836000
512.885000	1402.895000
513.235000	1413.496000
513.585000	1423.162000
513.935000	1431.464000
514.286000	1438.764000
514.636000	1445.105000
514.986000	1451.200000
515.336000	1455.999000
515.686000	1460.294000
516.036000	1463.429000
516.386000	1465.816000
516.735000	1467.639000
517.085000	1468.272000
517.435000	1468.460000
517.785000	1467.456000
518.134000	1465.585000
518.484000	1462.919000
518.834000	1458.985000
519.183000	1455.081000
519.533000	1450.718000
519.882000	1445.167000
520.231000	1439.297000
520.581000	1432.406000
520.930000	1424.909000
521.279000	1415.377000
521.628000	1405.848000
521.978000	1395.535000
522.327000	1385.482000
522.676000	1373.994000
523.025000	1362.465000
523.374000	1350.466000
523.723000	1337.164000
524.071000	1323.422000
524.420000	1309.400000
524.769000	1295.044000
525.118000	1280.280000
525.466000	1264.453000
525.815000	1248.895000
526.164000	1232.405000
526.512000	1216.125000
526.861000	1199.121000
527.209000	1182.029000
527.557000	1164.356000
527.906000	1147.519000
528.254000	1129.821000
528.602000	1112.020000
528.951000	1093.584000
529.299000	1075.093000
529.647000	1055.730000
529.995000	1036.855000
530.343000	1018.561000
530.691000	999.642000
531.039000	981.086000
531.387000	961.603000
531.735000	942.919000
532.082000	923.372000
532.430000	904.387000
532.778000	885.196000
533.125000	865.829000
533.473000	846.843000
533.820000	827.951000
534.168000	808.911000
534.515000	789.757000
534.863000	771.114000
535.210000	752.275000
535.557000	733.755000
535.905000	715.975000
536.252000	697.404000
536.599000	679.733000
536.946000	661.382000
537.293000	643.712000
537.640000	626.057000
537.987000	608.501000
538.334000	591.500000
538.681000	574.216000
539.028000	557.121000
539.375000	539.759000
539.721000	522.649000
540.068000	506.655000
540.415000	490.331000
540.761000	474.065000
541.108000	458.264000
541.454000	442.517000
541.801000	427.489000
542.147000	412.198000
542.494000	398.063000
542.840000	383.443000
543.186000	369.345000
543.532000	355.391000
543.879000	341.595000
544.225000	328.052000
544.571000	314.717000
544.917000	301.651000
545.263000	289.292000
545.609000	276.978000
545.955000	265.152000
546.300000	253.582000
546.646000	242.230000
546.992000	231.120000
547.338000	220.643000
547.683000	210.273000
548.029000	200.213000
548.374000	190.725000
548.720000	181.498000
549.065000	171.843000
549.411000	162.322000
549.756000	153.471000
550.101000	145.039000
550.447000	137.113000
550.792000	129.725000
551.137000	122.218000
551.482000	114.666000
551.827000	107.811000
552.172000	100.803000
552.517000	94.172000
552.862000	87.574000
553.207000	81.853000
553.552000	75.873000
553.897000	70.327000
554.241000	65.465000
554.586000	59.712000
554.931000	54.855000
555.275000	50.195000
555.620000	45.926000
555.964000	41.626000
556.309000	38.034000
556.653000	34.482000
556.998000	30.723000
557.342000	27.631000
557.686000	24.305000
558.030000	21.667000
558.375000	18.753000
558.719000	15.932000
559.063000	13.534000
559.407000	11.059000
559.751000	9.259000
560.095000	7.219000
560.438000	6.270000
560.782000	5.192000
561.126000	3.566000
561.470000	2.130000
561.813000	0.632000
562.157000	-0.403000
562.501000	-1.272000
562.844000	-2.310000
563.188000	-3.062000
563.531000	-3.890000
563.875000	-4.293000
564.218000	-5.062000
564.561000	-5.435000
564.904000	-5.377000
565.248000	-5.356000
565.591000	-5.402000
565.934000	-4.527000
566.277000	-4.148000
566.620000	-3.379000
566.963000	-3.329000
567.306000	-2.780000
567.649000	-2.213000
567.991000	-1.706000
568.334000	-0.916000
568.677000	-0.428000
569.020000	0.209000
569.362000	0.513000
569.705000	1.114000
570.047000	2.163000
570.390000	3.169000
570.732000	4.159000
571.074000	5.725000
571.417000	6.403000
571.759000	6.773000
572.101000	7.643000
572.443000	8.721000
572.786000	9.929000
573.128000	10.677000
573.470000	12.199000
573.812000	13.255000
574.154000	14.563000
574.496000	16.149000
574.837000	17.735000
575.179000	18.918000
575.521000	20.819000
575.863000	21.975000
576.204000	23.709000
576.546000	25.142000
576.887000	26.468000
577.229000	28.173000
577.570000	29.769000
577.912000	31.750000
578.253000	33.437000
578.594000	35.022000
578.936000	37.145000
579.277000	38.665000
579.618000	40.570000
579.959000	42.329000
580.300000	44.189000
580.641000	45.998000
580.982000	47.665000
581.323000	49.248000
581.664000	50.658000
582.005000	52.516000
582.346000	54.396000
582.686000	56.428000
583.027000	58.414000
583.368000	60.353000
583.708000	62.019000
584.049000	63.951000
584.389000	65.470000
584.730000	67.263000
585.070000	69.410000
585.410000	70.971000
585.750000	72.368000
586.091000	73.841000
586.431000	75.286000
586.771000	76.185000
587.111000	76.973000
587.451000	77.630000
587.791000	78.397000
588.131000	79.375000
588.471000	80.091000
588.811000	80.894000
589.151000	81.100000
589.490000	81.590000
589.830000	82.071000
590.170000	82.458000
590.509000	83.072000
590.849000	83.437000
591.188000	83.789000
591.528000	83.879000
591.867000	83.553000
592.206000	83.605000
592.546000	83.979000
592.885000	84.003000
593.224000	83.668000
593.563000	83.221000
593.902000	82.769000
594.242000	81.993000
594.581000	81.975000
594.919000	81.308000
595.258000	80.659000
595.597000	80.010000
595.936000	79.251000
596.275000	78.177000
596.613000	77.514000
596.952000	76.382000
597.291000	75.515000
597.629000	74.472000
597.968000	73.226000
598.306000	71.996000
598.645000	70.396000
598.983000	68.873000
599.321000	67.684000
599.660000	65.786000
599.998000	64.763000
600.336000	63.617000
600.674000	62.191000
601.012000	60.603000
601.350000	58.830000
601.688000	57.403000
602.026000	55.657000
602.364000	53.804000
602.702000	52.075000
603.040000	50.483000
603.377000	48.555000
603.715000	46.617000
604.053000	44.995000
604.390000	43.431000
604.728000	41.573000
605.065000	39.863000
605.403000	37.828000
605.740000	35.909000
606.077000	34.300000
606.415000	32.438000
606.752000	30.443000
607.089000	28.326000
607.426000	26.902000
607.763000	25.590000
608.100000	24.348000
608.437000	23.121000
608.774000	21.580000
609.111000	19.953000
609.448000	18.359000
609.785000	17.419000
610.121000	16.723000
610.458000	15.406000
610.795000	14.728000
611.131000	13.374000
611.468000	11.965000
611.804000	10.691000
612.141000	9.592000
612.477000	8.594000
612.813000	7.160000
613.150000	6.414000
613.486000	5.508000
613.822000	4.671000
614.158000	4.064000
614.494000	3.425000
614.830000	2.624000
615.166000	1.829000
615.502000	1.462000
615.838000	0.769000
616.174000	-0.027000
616.510000	-0.857000
616.845000	-1.730000
617.181000	-2.236000
617.517000	-2.579000
617.852000	-3.144000
618.188000	-3.509000
618.523000	-4.045000
618.859000	-4.668000
619.194000	-5.207000
619.529000	-5.566000
619.865000	-6.020000
620.200000	-6.317000
620.535000	-7.024000
620.870000	-7.731000
621.205000	-8.095000
621.540000	-8.330000
621.875000	-8.465000
622.210000	-8.471000
622.545000	-8.368000
622.880000	-7.804000
623.215000	-8.166000
623.549000	-7.859000
623.884000	-7.574000
624.219000	-7.774000
624.553000	-8.013000
624.888000	-8.191000
625.222000	-8.219000
625.557000	-8.065000
625.891000	-7.902000
626.225000	-7.917000
626.560000	-7.964000
626.894000	-7.805000
627.228000	-7.546000
627.562000	-7.125000
627.896000	-7.745000
628.230000	-7.793000
628.564000	-8.096000
628.898000	-8.053000
629.232000	-8.358000
629.566000	-7.728000
629.900000	-7.484000
630.233000	-7.553000
630.567000	-8.187000
630.901000	-8.052000
631.234000	-8.441000
631.568000	-8.523000
631.901000	-8.212000
632.235000	-7.958000
632.568000	-7.988000
632.901000	-7.837000
633.235000	-7.234000
633.568000	-7.176000
633.901000	-7.001000
634.234000	-6.964000
634.567000	-7.144000
634.900000	-7.151000
635.233000	-6.815000
635.566000	-6.853000
635.899000	-6.812000
636.232000	-6.948000
636.565000	-7.138000
636.897000	-6.462000
637.230000	-6.125000
637.563000	-6.351000
637.895000	-6.580000
638.228000	-6.348000
638.560000	-6.458000
638.893000	-6.744000
639.225000	-6.798000
639.557000	-6.608000
639.890000	-6.484000
640.222000	-6.125000
640.554000	-5.900000
640.886000	-5.630000
641.218000	-6.017000
641.550000	-5.552000
641.882000	-5.650000
642.214000	-5.923000
642.546000	-5.860000
642.878000	-6.017000
643.209000	-6.638000
643.541000	-6.336000
643.873000	-6.943000
644.204000	-7.288000
644.536000	-6.814000
644.867000	-7.019000
645.199000	-7.267000
645.530000	-7.252000
645.862000	-6.873000
646.193000	-7.128000
646.524000	-7.287000
646.855000	-7.672000
647.186000	-7.909000
647.517000	-7.855000
647.849000	-7.663000
648.180000	-6.825000
648.510000	-6.740000
648.841000	-6.606000
649.172000	-6.333000
649.503000	-5.731000
649.834000	-6.088000
650.164000	-6.157000
650.495000	-6.032000
650.826000	-5.545000
651.156000	-5.530000
651.487000	-5.521000
651.817000	-5.435000
652.147000	-5.444000
652.478000	-5.434000
652.808000	-5.395000
653.138000	-5.722000
653.468000	-5.731000
653.799000	-5.814000
654.129000	-5.789000
654.459000	-5.478000
654.789000	-5.315000
655.119000	-4.830000
655.448000	-4.676000
655.778000	-4.411000
656.108000	-4.535000
656.438000	-4.690000
656.767000	-4.396000
657.097000	-4.759000
657.426000	-4.563000
657.756000	-4.321000
658.085000	-4.128000
658.415000	-4.493000
658.744000	-4.335000
659.074000	-3.795000
659.403000	-3.681000
659.732000	-3.534000
660.061000	-3.281000
660.390000	-3.523000
660.719000	-3.470000
661.048000	-3.509000
661.377000	-2.830000
661.706000	-2.992000
662.035000	-2.517000
662.364000	-2.616000
662.692000	-2.624000
663.021000	-2.796000
663.350000	-2.815000
663.678000	-2.776000
664.007000	-2.415000
664.335000	-2.018000
664.664000	-2.354000
664.992000	-2.320000
665.321000	-2.245000
665.649000	-2.294000
665.977000	-2.597000
666.305000	-2.117000
666.633000	-2.622000
666.961000	-2.125000
667.289000	-1.931000
667.617000	-1.609000
667.945000	-1.880000
668.273000	-2.147000
668.601000	-2.448000
668.929000	-2.380000
669.256000	-2.339000
669.584000	-2.588000
669.912000	-2.739000
670.239000	-2.844000
670.567000	-2.356000
670.894000	-2.671000
671.222000	-2.664000
671.549000	-2.427000
671.876000	-2.457000
672.203000	-2.305000
672.531000	-2.435000
672.858000	-2.323000
673.185000	-1.239000
673.512000	-1.071000
673.839000	-0.767000
674.166000	-1.388000
674.493000	-1.232000
674.819000	-1.384000
675.146000	-1.176000
675.473000	-1.019000
675.800000	-1.184000
676.126000	-1.084000
676.453000	-0.835000
676.779000	-0.997000
677.106000	-0.974000
677.432000	-1.114000
677.759000	-1.487000
678.085000	-1.499000
678.411000	-1.314000
678.737000	-1.260000
679.064000	-1.228000
679.390000	-1.574000
679.716000	-1.557000
680.042000	-1.734000
680.368000	-1.381000
680.694000	-1.687000
681.019000	-1.269000
681.345000	-1.565000
681.671000	-1.634000
681.997000	-1.924000
682.322000	-1.452000
682.648000	-1.513000
682.973000	-1.456000
683.299000	-1.145000
683.624000	-1.425000
683.950000	-1.340000
684.275000	-1.391000
684.600000	-1.549000
684.925000	-1.588000
685.251000	-1.310000
685.576000	-1.478000
685.901000	-1.178000
686.226000	-1.240000
686.551000	-0.762000
686.876000	-0.443000
687.200000	-0.405000
687.525000	-0.780000
687.850000	-0.827000
688.175000	-0.902000
688.499000	-0.898000
688.824000	-0.837000
689.148000	-1.048000
689.473000	-0.792000
689.797000	-0.588000
690.122000	-0.388000
690.446000	-0.982000
690.770000	-0.915000
691.095000	-0.734000
691.419000	-0.867000
691.743000	-0.487000
692.067000	-0.597000
692.391000	-0.704000
692.715000	-0.773000
693.039000	-1.290000
693.363000	-1.365000
693.686000	-1.953000
694.010000	-1.172000
694.334000	-1.019000
694.658000	-0.949000
694.981000	-1.366000
695.305000	-1.510000
695.628000	-1.654000
695.952000	-2.116000
696.275000	-2.147000
696.598000	-1.979000
696.922000	-2.270000
697.245000	-2.305000
697.568000	-2.324000
697.891000	-2.384000
698.214000	-2.491000
698.537000	-2.519000
698.860000	-2.705000
699.183000	-2.088000
699.506000	-1.899000
699.829000	-1.652000
700.151000	-1.961000
700.474000	-1.847000
700.797000	-2.401000
701.119000	-1.840000
701.442000	-1.620000
701.764000	-1.476000
702.087000	-1.363000
702.409000	-1.306000
702.732000	-1.450000
703.054000	-1.464000
703.376000	-1.260000
703.698000	-1.422000
704.020000	-1.444000
704.342000	-1.316000
704.664000	-1.109000
704.986000	-1.495000
705.308000	-1.440000
705.630000	-2.043000
705.952000	-2.400000
706.274000	-2.542000
706.595000	-2.973000
706.917000	-3.055000
707.239000	-3.070000
707.560000	-3.259000
707.882000	-3.076000
708.203000	-2.939000
708.525000	-3.099000
708.846000	-3.281000
709.167000	-3.834000
709.488000	-4.138000
709.810000	-4.348000
710.131000	-4.580000
710.452000	-4.442000
710.773000	-4.744000
711.094000	-4.581000
711.415000	-4.797000
711.735000	-4.928000
712.056000	-4.770000
712.377000	-4.829000
712.698000	-4.936000
713.018000	-4.961000
713.339000	-4.875000
713.659000	-5.600000
713.980000	-5.939000
714.300000	-6.233000
714.621000	-6.374000
714.941000	-6.801000
715.261000	-6.744000
715.581000	-6.277000
715.902000	-6.263000
716.222000	-6.520000
716.542000	-6.224000
716.862000	-6.214000
717.182000	-5.418000
717.502000	-5.159000
717.821000	-5.106000
718.141000	-5.467000
718.461000	-5.563000
718.781000	-5.634000
719.100000	-6.156000
719.420000	-6.197000
719.739000	-6.608000
720.059000	-6.288000
720.378000	-6.153000
720.698000	-6.715000
721.017000	-6.984000
721.336000	-7.581000
721.655000	-7.864000
721.974000	-7.487000
722.294000	-7.259000
722.613000	-7.025000
722.932000	-7.064000
723.251000	-7.490000
723.569000	-7.715000
723.888000	-7.624000
724.207000	-7.998000
724.526000	-7.941000
724.844000	-7.678000
725.163000	-7.696000
725.482000	-7.697000
725.800000	-7.557000
726.119000	-8.265000
726.437000	-8.828000
726.755000	-9.317000
727.074000	-9.507000
727.392000	-9.852000
727.710000	-9.817000
728.028000	-9.625000
728.346000	-9.553000
728.664000	-9.254000
728.982000	-9.642000
729.300000	-9.398000
729.618000	-9.332000
729.936000	-9.698000
730.254000	-9.713000
730.571000	-9.892000
730.889000	-9.401000
731.206000	-9.373000
731.524000	-9.365000
731.841000	-9.028000
732.159000	-9.339000
732.476000	-9.098000
732.794000	-9.037000
733.111000	-8.605000
733.428000	-8.888000
733.745000	-8.719000
734.062000	-8.700000
734.379000	-8.682000
734.696000	-8.744000
735.013000	-9.151000
735.330000	-9.213000
735.647000	-9.283000
735.964000	-9.257000
736.281000	-9.387000
736.597000	-9.648000
736.914000	-9.613000
737.230000	-9.708000
737.547000	-9.169000
737.863000	-8.985000
738.180000	-9.052000
738.496000	-9.138000
738.813000	-9.623000
739.129000	-9.622000
739.445000	-9.736000
739.761000	-9.600000
740.077000	-9.256000
740.393000	-9.574000
740.709000	-9.134000
741.025000	-9.267000
741.341000	-9.925000
741.657000	-9.839000
741.973000	-10.106000
742.288000	-10.584000
742.604000	-10.490000
742.920000	-10.592000
743.235000	-10.454000
743.551000	-10.001000
743.866000	-10.088000
744.181000	-10.463000
744.497000	-10.091000
744.812000	-10.163000
745.127000	-9.985000
745.442000	-9.424000
745.757000	-8.552000
746.073000	-8.024000
746.388000	-7.931000
746.702000	-8.007000
747.017000	-7.796000
747.332000	-8.015000
747.647000	-8.059000
747.962000	-8.254000
748.276000	-8.012000
748.591000	-8.247000
748.906000	-8.178000
749.220000	-7.783000
749.535000	-7.509000
749.849000	-7.767000
750.163000	-8.535000
750.478000	-8.805000
750.792000	-8.774000
751.106000	-8.690000
751.420000	-8.661000
751.734000	-8.711000
752.048000	-8.579000
752.362000	-8.621000
752.676000	-8.547000
752.990000	-8.573000
753.304000	-8.503000
753.618000	-8.603000
753.931000	-8.333000
754.245000	-8.161000
754.558000	-8.253000
754.872000	-8.067000
755.186000	-8.143000
755.499000	-8.106000
755.812000	-8.439000
756.126000	-8.616000
756.439000	-8.960000
756.752000	-9.522000
757.065000	-9.658000
757.378000	-9.920000
757.691000	-9.935000
758.004000	-9.718000
758.317000	-9.681000
758.630000	-10.073000
758.943000	-10.539000
759.256000	-10.695000
759.568000	-10.466000
759.881000	-10.587000
760.194000	-10.823000
760.506000	-10.378000
760.819000	-10.626000
761.131000	-10.941000
761.444000	-10.884000
761.756000	-11.122000
762.068000	-10.933000
762.380000	-11.479000
762.693000	-11.718000
763.005000	-11.569000
763.317000	-11.325000
763.629000	-11.931000
763.941000	-11.592000
764.253000	-11.813000
764.564000	-11.971000
764.876000	-12.067000
765.188000	-12.276000
765.500000	-12.077000
765.811000	-11.709000
766.123000	-12.001000
766.434000	-11.796000
766.746000	-12.259000
767.057000	-12.192000
767.369000	-11.858000
767.680000	-12.076000
767.991000	-12.294000
768.302000	-12.324000
768.613000	-12.740000
768.924000	-12.434000
769.235000	-12.501000
769.546000	-12.123000
769.857000	-12.319000
770.168000	-12.559000
770.479000	-12.632000
770.790000	-12.753000
771.100000	-13.003000
771.411000	-13.241000
771.722000	-13.628000
772.032000	-13.774000
772.343000	-13.500000
772.653000	-12.883000
772.963000	-13.415000
773.274000	-13.523000
773.584000	-13.314000
773.894000	-13.174000
774.204000	-13.211000
774.514000	-13.157000
774.824000	-13.433000
775.134000	-13.546000
775.444000	-13.460000
775.754000	-13.225000
776.064000	-13.046000
776.374000	-13.189000
776.683000	-13.431000
776.993000	-13.090000
777.302000	-12.961000
777.612000	-12.773000
777.921000	-12.630000
778.231000	-12.707000
778.540000	-12.771000
778.850000	-12.553000
779.159000	-12.395000
779.468000	-12.556000
779.777000	-12.509000
780.086000	-11.909000
780.395000	-11.390000
780.704000	-10.974000
781.013000	-11.322000
781.322000	-11.045000
781.631000	-11.104000
781.939000	-11.058000
782.248000	-11.107000
782.557000	-10.807000
782.865000	-11.033000
783.174000	-11.051000
783.482000	-11.036000
783.791000	-11.449000
784.099000	-11.573000
784.407000	-11.785000
784.716000	-12.019000
785.024000	-11.927000
785.332000	-11.912000
785.640000	-11.635000
785.948000	-11.393000
786.256000	-11.666000
786.564000	-11.288000
786.872000	-10.522000
787.180000	-10.510000
787.487000	-10.377000
787.795000	-10.311000
788.103000	-9.928000
788.410000	-10.417000
788.718000	-9.936000
789.025000	-10.178000
789.333000	-9.696000
789.640000	-9.720000
789.947000	-9.449000
790.255000	-9.138000
790.562000	-8.253000
790.869000	-8.206000
791.176000	-8.421000
791.483000	-8.985000
791.790000	-8.988000
792.097000	-9.123000
792.404000	-9.314000
792.711000	-9.213000
793.017000	-9.521000
793.324000	-9.396000
793.631000	-8.998000
793.937000	-8.976000
794.244000	-8.780000
794.550000	-8.893000
794.857000	-9.152000
795.163000	-8.794000
795.469000	-8.279000
795.776000	-8.352000
796.082000	-8.230000
796.388000	-8.305000
796.694000	-8.053000
797.000000	-8.163000
797.306000	-8.210000
797.612000	-8.577000
797.918000	-8.503000
798.224000	-8.477000
798.529000	-8.237000
798.835000	-8.420000
799.141000	-8.707000
799.446000	-8.705000
799.752000	-8.724000
800.057000	-8.787000
800.363000	-8.836000
800.668000	-9.005000
800.973000	-9.217000
801.278000	-9.232000
801.584000	-8.969000
801.889000	-8.831000
802.194000	-8.596000
802.499000	-8.560000
802.804000	-8.594000
803.109000	-8.352000
803.413000	-8.394000
803.718000	-8.728000
804.023000	-8.802000
804.328000	-8.544000
804.632000	-9.028000
804.937000	-8.645000
805.241000	-8.656000
805.546000	-9.003000
805.850000	-8.858000
806.154000	-8.696000
806.459000	-8.889000
806.763000	-9.053000
807.067000	-8.358000
807.371000	-8.785000
807.675000	-8.526000
807.979000	-8.878000
808.283000	-9.064000
808.587000	-9.324000
808.891000	-9.165000
809.195000	-9.944000
809.498000	-9.937000
809.802000	-10.165000
810.106000	-9.882000
810.409000	-9.818000
810.713000	-9.722000
811.016000	-9.581000
811.319000	-10.379000
811.623000	-10.253000
811.926000	-10.234000
812.229000	-10.190000
812.532000	-10.272000
812.836000	-10.425000
813.139000	-10.560000
813.442000	-10.557000
813.744000	-10.858000
814.047000	-11.200000
814.350000	-11.456000
814.653000	-11.716000
814.956000	-11.631000
815.258000	-11.460000
815.561000	-11.122000
815.863000	-11.333000
816.166000	-11.296000
816.468000	-10.981000
816.771000	-10.936000
817.073000	-10.941000
817.375000	-11.489000
817.677000	-11.532000
817.979000	-11.539000
818.281000	-11.173000
818.583000	-11.107000
818.885000	-11.054000
819.187000	-10.625000
819.489000	-10.583000
819.791000	-10.219000
820.093000	-10.838000
820.394000	-10.812000
820.696000	-11.168000
820.998000	-10.893000
821.299000	-10.650000
821.600000	-10.681000
821.902000	-10.571000
822.203000	-10.311000
822.504000	-10.602000
822.806000	-10.617000
823.107000	-10.483000
823.408000	-10.819000
823.709000	-11.010000
824.010000	-11.111000
824.311000	-11.415000
824.612000	-12.161000
824.913000	-12.282000
825.213000	-12.274000
825.514000	-12.815000
825.815000	-12.971000
826.115000	-13.462000
826.416000	-13.328000
826.716000	-13.198000
827.017000	-12.934000
827.317000	-12.972000
827.617000	-12.867000
827.918000	-12.821000
828.218000	-12.614000
828.518000	-12.315000
828.818000	-12.226000
829.118000	-11.824000
829.418000	-11.557000
829.718000	-11.166000
830.018000	-11.052000
830.318000	-11.124000
830.617000	-11.446000
830.917000	-11.863000
831.217000	-11.512000
831.516000	-11.483000
831.816000	-11.431000
832.115000	-11.152000
832.415000	-10.804000
832.714000	-10.708000
833.013000	-10.518000
833.312000	-10.745000
833.612000	-11.080000
833.911000	-11.384000
834.210000	-10.807000
834.509000	-10.844000
834.808000	-10.889000
835.107000	-10.698000
835.405000	-10.880000
835.704000	-10.477000
836.003000	-10.169000
836.301000	-9.941000
836.600000	-10.050000
836.899000	-9.850000
837.197000	-9.607000
837.495000	-9.583000
837.794000	-9.385000
838.092000	-9.236000
838.390000	-8.829000
838.689000	-8.943000
838.987000	-8.749000
839.285000	-9.153000
839.583000	-9.079000
839.881000	-9.305000
840.179000	-9.041000
840.476000	-8.872000
840.774000	-9.014000
841.072000	-9.454000
841.370000	-9.017000
841.667000	-8.730000
841.965000	-8.923000
842.262000	-9.326000
842.560000	-9.174000
842.857000	-8.799000
843.154000	-8.811000
843.452000	-8.676000
843.749000	-8.835000
844.046000	-8.582000
844.343000	-7.873000
844.640000	-8.074000
844.937000	-7.988000
845.234000	-7.846000
845.531000	-7.974000
845.828000	-7.694000
846.125000	-8.003000
846.421000	-7.602000
846.718000	-7.819000
847.014000	-8.195000
847.311000	-8.298000
847.607000	-8.655000
847.904000	-8.772000
848.200000	-8.844000
848.496000	-8.698000
848.793000	-8.485000
849.089000	-7.841000
849.385000	-7.735000
849.681000	-7.185000
849.977000	-7.040000
850.273000	-7.241000
850.569000	-7.227000
850.865000	-7.324000
851.160000	-7.477000
851.456000	-7.469000
851.752000	-7.527000
852.047000	-7.580000
852.343000	-7.934000
852.638000	-7.794000
852.934000	-7.844000
853.229000	-7.987000
853.524000	-8.257000
853.820000	-8.153000
854.115000	-8.337000
854.410000	-8.685000
854.705000	-8.621000
855.000000	-8.961000
855.295000	-9.239000
855.590000	-9.661000
855.885000	-9.751000
856.179000	-9.900000
856.474000	-9.802000
856.769000	-9.965000
857.063000	-10.081000
857.358000	-9.902000
857.652000	-10.149000
857.947000	-10.134000
858.241000	-10.762000
858.536000	-11.016000
858.830000	-10.516000
859.124000	-9.916000
859.418000	-10.108000
859.712000	-9.867000
860.006000	-9.539000
860.300000	-9.182000
860.594000	-9.216000
860.888000	-8.534000
861.182000	-8.285000
861.475000	-8.089000
861.769000	-7.712000
862.063000	-7.793000
862.356000	-8.130000
862.650000	-8.031000
862.943000	-7.960000
863.237000	-7.955000
863.530000	-8.165000
863.823000	-8.351000
864.116000	-7.969000
864.410000	-8.330000
864.703000	-8.298000
864.996000	-7.981000
865.289000	-7.899000
865.582000	-7.885000
865.874000	-7.656000
866.167000	-7.525000
866.460000	-7.573000
866.753000	-7.238000
867.045000	-7.175000
867.338000	-7.050000
867.630000	-7.470000
867.923000	-7.715000
868.215000	-7.614000
868.507000	-7.722000
868.800000	-7.746000
869.092000	-7.364000
869.384000	-7.317000
869.676000	-6.783000
869.968000	-6.851000
870.260000	-6.913000
870.552000	-7.002000
870.844000	-7.553000
871.136000	-7.828000
871.427000	-8.028000
871.719000	-8.138000
872.011000	-7.924000
872.302000	-7.662000
872.594000	-7.809000
872.885000	-7.778000
873.177000	-7.655000
873.468000	-7.758000
873.759000	-8.100000
874.050000	-8.397000
874.342000	-8.610000
874.633000	-8.284000
874.924000	-7.943000
875.215000	-8.075000
875.506000	-7.629000
875.796000	-7.715000
876.087000	-7.256000
876.378000	-7.122000
876.669000	-7.206000
876.959000	-7.210000
877.250000	-7.504000
877.540000	-8.053000
877.831000	-8.238000
878.121000	-8.185000
878.412000	-8.748000
878.702000	-9.047000
878.992000	-8.773000
879.282000	-9.167000
879.572000	-9.875000
879.862000	-10.026000
880.152000	-10.062000
880.442000	-10.143000
880.732000	-10.377000
881.022000	-10.746000
881.312000	-10.643000
881.601000	-10.559000
881.891000	-10.661000
882.180000	-10.776000
882.470000	-11.038000
882.759000	-10.902000
883.049000	-11.156000
883.338000	-11.188000
883.627000	-11.276000
883.917000	-11.313000
884.206000	-11.683000
884.495000	-12.215000
884.784000	-12.648000
885.073000	-13.262000
885.362000	-13.211000
885.650000	-13.129000
885.939000	-13.110000
886.228000	-13.126000
886.517000	-13.191000
886.805000	-13.570000
887.094000	-13.521000
887.382000	-14.267000
887.671000	-13.916000
887.959000	-13.732000
888.247000	-13.762000
888.536000	-13.051000
