155.485	-6.1
155.876	-5.38
156.266	-5.21
156.656	-5.56
157.046	-5.51
157.436	-5.47
157.826	-6.24
158.216	-6.32
158.606	-6.05
158.996	-5.78
159.386	-6.05
159.776	-6.31
160.166	-6.77
160.556	-6.43
160.945	-6.18
161.335	-6.22
161.725	-5.81
162.114	-5.42
162.504	-5.65
162.894	-4.94
163.283	-4.76
163.673	-4.83
164.062	-5.06
164.452	-4.8
164.841	-4.87
165.23	-4.41
165.62	-4.4
166.009	-4.55
166.398	-4.92
166.787	-4.83
167.177	-4.89
167.566	-4.74
167.955	-4.82
168.344	-5.16
168.733	-4.67
169.122	-4.74
169.511	-4.87
169.9	-4.85
170.289	-4.3
170.678	-4.3
171.066	-4.08
171.455	-4.08
171.844	-3.31
172.233	-3.38
172.621	-2.97
173.01	-3.23
173.398	-3.15
173.787	-3.3
174.176	-3.36
174.564	-3.08
174.952	-3.28
175.341	-3.56
175.729	-3.15
176.118	-3.02
176.506	-2.95
176.894	-2.97
177.282	-2.95
177.671	-3.03
178.059	-3.44
178.447	-3.51
178.835	-4.15
179.223	-3.85
179.611	-4.07
179.999	-4.15
180.387	-3.59
180.775	-3.66
181.163	-3.51
181.55	-2.93
181.938	-2.3
182.326	-2
182.714	-1.93
183.101	-1.51
183.489	-0.89
183.876	0.25
184.264	0.11
184.652	-0.03
185.039	-0.05
185.427	0.02
185.814	-0.26
186.201	-0.07
186.589	-0.7
186.976	-0.62
187.363	-0.49
187.75	-0.41
188.138	-0.85
188.525	-0.79
188.912	-1
189.299	-0.8
189.686	-0.72
190.073	-0.23
190.46	0.2
190.847	0.33
191.234	-0.1
191.621	-0.44
192.007	0.1
192.394	0.36
192.781	0.36
193.168	0.77
193.554	0.77
193.941	0.02
194.328	-0.41
194.714	-0.49
195.101	-0.64
195.487	-1.48
195.874	-1.97
196.26	-2.85
196.646	-3.3
197.033	-3.08
197.419	-3.57
197.805	-3.79
198.191	-3.79
198.578	-3.44
198.964	-2.93
199.35	-3.21
199.736	-3.34
200.122	-4.11
200.508	-4.11
200.894	-3.98
201.28	-3.9
201.666	-3.56
202.052	-3.41
202.437	-2.34
202.823	-1.74
203.209	-1.74
203.595	-1.8
203.98	-1.52
204.366	-1.61
204.751	-1.56
205.137	-1.66
205.522	-2.15
205.908	-2.3
206.293	-2.36
206.679	-2.51
207.064	-2.57
207.449	-3.34
207.835	-3.21
208.22	-3.62
208.605	-3.61
208.99	-4.03
209.375	-4.03
209.76	-4.3
210.146	-4.15
210.531	-4.44
210.916	-4.59
211.3	-4.18
211.685	-4.03
212.07	-4.08
212.455	-4.84
212.84	-4.97
213.225	-5.03
213.609	-5.18
213.994	-5.46
214.379	-5.46
214.763	-4.84
215.148	-4.43
215.532	-4.75
215.917	-5.16
216.301	-5.16
216.686	-4.95
217.07	-5.11
217.454	-4.92
217.839	-4.57
218.223	-4.56
218.607	-4.41
218.991	-4.41
219.375	-3.92
219.76	-3.57
220.144	-3.3
220.528	-3.16
220.912	-2.8
221.296	-2.44
221.68	-2.51
222.063	-2.08
222.447	-2.79
222.831	-3
223.215	-2.85
223.599	-2.7
223.982	-2.49
224.366	-2.98
224.749	-3
225.133	-3.28
225.517	-3.15
225.9	-4.07
226.284	-4.84
226.667	-5.03
227.05	-4.74
227.434	-5.31
227.817	-5.03
228.2	-5.44
228.583	-5.57
228.967	-5.72
229.35	-6.41
229.733	-6.77
230.116	-6.9
230.499	-7.25
230.882	-7.54
231.265	-7.52
231.648	-7.18
232.031	-7.11
232.414	-7.05
232.796	-7.05
233.179	-6.56
233.562	-6.84
233.945	-6.62
234.327	-6.75
234.71	-6.97
235.092	-6.89
235.475	-7.05
235.858	-6.85
236.24	-6.93
236.622	-7.1
237.005	-7.36
237.387	-7.59
237.769	-7.72
238.152	-8.13
238.534	-7.98
238.916	-7.49
239.298	-7.49
239.68	-7.98
240.062	-8.54
240.444	-8.39
240.826	-8.25
241.208	-8.44
241.59	-8.52
241.972	-8.79
242.354	-9.07
242.736	-8.59
243.118	-8.33
243.499	-7.84
243.881	-7.64
244.263	-7.72
244.644	-7.72
245.026	-7.51
245.407	-8.36
245.789	-8.23
246.17	-8.02
246.552	-8.18
246.933	-8.11
247.315	-8.18
247.696	-7.97
248.077	-7.84
248.458	-7.75
248.839	-8.33
249.221	-8.39
249.602	-7.56
249.983	-7.43
250.364	-7.57
250.745	-7.62
251.126	-7.69
251.507	-7.82
251.888	-7.67
252.268	-7.67
252.649	-7.61
253.03	-8.1
253.411	-7.75
253.791	-8.1
254.172	-8.16
254.553	-8.8
254.933	-9.31
255.314	-9.1
255.694	-8.8
256.075	-9.02
256.455	-9.44
256.835	-9.23
257.216	-9.51
257.596	-9.66
257.976	-10.15
258.356	-10.43
258.737	-10.77
259.117	-10.56
259.497	-10.54
259.877	-10.39
260.257	-10.18
260.637	-10.38
261.017	-10.1
261.397	-9.61
261.777	-9.26
262.156	-9.56
262.536	-9.7
262.916	-9.7
263.296	-9.51
263.675	-9.43
264.055	-10.05
264.434	-9.98
264.814	-10.13
265.194	-9.85
265.573	-9.07
265.952	-9.75
266.332	-10.02
266.711	-10.08
267.09	-10.36
267.47	-10.21
267.849	-9.95
268.228	-9.61
268.607	-9.39
268.986	-9.52
269.365	-9.74
269.744	-9.44
270.123	-8.82
270.502	-8.61
270.881	-8.61
271.26	-8.11
271.639	-7.7
272.018	-7.26
272.397	-6.98
272.775	-8.16
273.154	-7.89
273.533	-8.03
273.911	-8.1
274.29	-8.39
274.668	-7.92
275.047	-7.85
275.425	-7.62
275.804	-7.64
276.182	-6.87
276.56	-7.36
276.939	-7.23
277.317	-6.61
277.695	-6.26
278.073	-5.56
278.451	-5.56
278.829	-5.43
279.207	-5.49
279.585	-5.15
279.963	-4.87
280.341	-4.66
280.719	-4.3
281.097	-3.74
281.475	-3.33
281.853	-2.49
282.23	-3.11
282.608	-2.98
282.986	-2.7
283.363	-2.87
283.741	-3
284.118	-3.21
284.496	-3.43
284.873	-4.05
285.251	-4.25
285.628	-4.1
286.005	-3.82
286.383	-3.89
286.76	-4.11
287.137	-3.77
287.514	-3.75
287.891	-3.75
288.268	-4.18
288.646	-4.84
289.023	-4.43
289.4	-4.3
289.776	-3.95
290.153	-3.67
290.53	-2.9
290.907	-3.59
291.284	-3.79
291.66	-3.87
292.037	-3.66
292.414	-3.66
292.79	-3.85
293.167	-3.98
293.543	-4.07
293.92	-3.93
294.296	-4.54
294.673	-4.82
295.049	-5.03
295.426	-4.75
295.802	-3.9
296.178	-4.8
296.554	-5.23
296.93	-5.38
297.307	-5.21
297.683	-5.36
298.059	-5.36
298.435	-5.44
298.811	-5.16
299.187	-5.8
299.562	-5.11
299.938	-4.49
300.314	-4.89
300.69	-4.74
301.066	-4.8
301.441	-4.95
301.817	-5.57
302.192	-5.3
302.568	-5.08
302.944	-5.08
303.319	-5.77
303.694	-5.64
304.07	-6.48
304.445	-6.05
304.821	-6.33
305.196	-5.92
305.571	-5.77
305.946	-5.84
306.321	-5.89
306.696	-5.62
307.072	-5.84
307.447	-5.84
307.822	-5.75
308.197	-5.9
308.571	-6.03
308.946	-6.31
309.321	-5.95
309.696	-6.08
310.071	-5.66
310.445	-5.52
310.82	-5.1
311.195	-5.05
311.569	-4.33
311.944	-4.33
312.318	-4.61
312.693	-5.1
313.067	-5.64
313.442	-6.54
313.816	-6.69
314.19	-6.56
314.565	-6.41
314.939	-6.41
315.313	-6.49
315.687	-6.44
316.061	-6.25
316.435	-6.74
316.809	-6.93
317.183	-6.8
317.557	-6.52
317.931	-5.69
318.305	-5.9
318.679	-6.33
319.052	-6.11
319.426	-5.41
319.8	-5.05
320.174	-4.85
320.547	-4.62
320.921	-4.69
321.294	-4.62
321.668	-4.41
322.041	-3.56
322.415	-4.05
322.788	-4.48
323.161	-4.57
323.535	-4.85
323.908	-5.28
324.281	-5.48
324.654	-5.49
325.027	-5.43
325.4	-6.13
325.773	-6.77
326.146	-6.3
326.519	-6.15
326.892	-5.59
327.265	-6.23
327.638	-6.28
328.011	-5.85
328.383	-5.79
328.756	-5.72
329.129	-4.97
329.501	-5.16
329.874	-5.18
330.247	-5.54
330.619	-4.92
330.991	-4.56
331.364	-4.15
331.736	-4.08
332.109	-4.36
332.481	-4.15
332.853	-4.38
333.225	-4.11
333.598	-4.03
333.97	-4.16
334.342	-4.61
334.714	-4.95
335.086	-4.67
335.458	-4.46
335.83	-4.39
336.202	-4.48
336.573	-3.98
336.945	-3.98
337.317	-3.56
337.689	-3.56
338.06	-3.48
338.432	-3.69
338.804	-3.89
339.175	-3.18
339.547	-3.11
339.918	-3.18
340.29	-3.46
340.661	-3.95
341.032	-3.39
341.404	-3.18
341.775	-2.64
342.146	-3.05
342.517	-3
342.888	-3.13
343.259	-3.75
343.63	-3.62
344.001	-3.48
344.372	-3.33
344.743	-3.46
345.114	-3.1
345.485	-2.93
345.856	-2.77
346.227	-2.69
346.597	-1.98
346.968	-1.64
347.339	-1.41
347.709	-1.41
348.08	-1.26
348.45	-0.98
348.821	-0.77
349.191	-1.13
349.562	-1.13
349.932	-1.13
350.302	-1.92
350.673	-2.34
351.043	-2.69
351.413	-2.48
351.783	-2.75
352.153	-2.84
352.523	-2.54
352.893	-2.11
353.263	-2.69
353.633	-2.77
354.003	-3.03
354.373	-2.61
354.743	-2.48
355.112	-2.61
355.482	-2.59
355.852	-3
356.221	-3.28
356.591	-3.15
356.961	-3.13
357.33	-3.41
357.7	-3.41
358.069	-3.69
358.438	-3.69
358.808	-3.97
359.177	-4.18
359.546	-4.18
359.915	-4.25
360.285	-4.11
360.654	-4.26
361.023	-3.75
361.392	-3.75
361.761	-4.25
362.13	-4.52
362.499	-4.61
362.868	-4.61
363.236	-4.62
363.605	-5.31
363.974	-5.05
364.343	-5.26
364.711	-4.9
365.08	-5.05
365.449	-5.13
365.817	-4.66
366.186	-4.72
366.554	-4.66
366.922	-5.21
367.291	-5.36
367.659	-5.77
368.027	-6.07
368.396	-5.87
368.764	-5.74
369.132	-6.23
369.5	-6.46
369.868	-6.39
370.236	-6.26
370.604	-6.26
370.972	-6.25
371.34	-6.05
371.708	-6.11
372.076	-6.18
372.443	-5.89
372.811	-4.49
373.179	-4.07
373.547	-3.93
373.914	-3.92
374.282	-4.33
374.649	-3.62
375.017	-3.34
375.384	-3.56
375.752	-3.39
376.119	-3.8
376.486	-4.51
376.853	-4.36
377.221	-4.84
377.588	-4.49
377.955	-4.64
378.322	-4.62
378.689	-4.43
379.056	-4.34
379.423	-4.77
379.79	-4.28
380.157	-4.62
380.524	-4.56
380.891	-4.41
381.257	-3.57
381.624	-3.56
381.991	-3.84
382.357	-3.98
382.724	-4.61
383.09	-4.31
383.457	-4.48
383.823	-4.61
384.19	-4.39
384.556	-3.84
384.923	-3.28
385.289	-3.15
385.655	-3.54
386.021	-3.34
386.387	-4.74
386.754	-4.85
387.12	-5.08
387.486	-5.07
387.852	-4.64
388.218	-4.36
388.583	-4.23
388.949	-4.51
389.315	-4.08
389.681	-3.74
390.047	-3.61
390.412	-3.52
390.778	-3.93
391.144	-3.8
391.509	-3.8
391.875	-3.93
392.24	-3.93
392.605	-3.92
392.971	-4
393.336	-4.21
393.702	-4.26
394.067	-3.85
394.432	-3.64
394.797	-4.13
395.162	-4.95
395.527	-5.16
395.892	-5.03
396.257	-5.13
396.622	-4.79
396.987	-4.85
397.352	-4.92
397.717	-5.26
398.082	-5.7
398.446	-4.95
398.811	-4.31
399.176	-4.38
399.54	-4.26
399.905	-4.11
400.269	-4.11
400.634	-4.48
400.998	-4.75
401.363	-5.16
401.727	-4.59
402.091	-4.18
402.456	-3.92
402.82	-3.97
403.184	-4.13
403.548	-4.26
403.912	-4.41
404.276	-4.34
404.64	-4.34
405.004	-3.66
405.368	-3.89
405.732	-3.44
406.096	-3.59
406.46	-3.67
406.823	-4.23
407.187	-4.98
407.551	-4.97
407.914	-4.92
408.278	-4.69
408.641	-3.3
409.005	-2.82
409.368	-2.82
409.732	-2.82
410.095	-3.38
410.458	-3.51
410.822	-3.43
411.185	-3.64
411.548	-4.07
411.911	-4.41
412.274	-4.21
412.637	-4.21
413	-4.64
413.363	-4.77
413.726	-4.34
414.089	-4.28
414.452	-4
414.815	-4.21
415.177	-3.66
415.54	-3.33
415.903	-3.41
416.265	-3.67
416.628	-4.1
416.99	-4.16
417.353	-3.84
417.715	-3.41
418.078	-3.89
418.44	-4.3
418.802	-4.66
419.165	-4.79
419.527	-4.85
419.889	-4.84
420.251	-4.56
420.613	-4.69
420.975	-5.13
421.337	-5.64
421.699	-4.64
422.061	-4.79
422.423	-4.51
422.785	-4.31
423.147	-4.74
423.508	-4.48
423.87	-4.34
424.232	-4.89
424.593	-4.67
424.955	-4.61
425.316	-4.11
425.678	-4.41
426.039	-4.2
426.401	-4.56
426.762	-4.77
427.123	-4.84
427.484	-4.54
427.846	-5.11
428.207	-4.77
428.568	-4.97
428.929	-4.56
429.29	-4.64
429.651	-4.64
430.012	-4.69
430.373	-4.9
430.734	-5.46
431.095	-6.16
431.455	-6.23
431.816	-6.44
432.177	-6.1
432.537	-6.33
432.898	-6.75
433.258	-6.82
433.619	-6.54
433.979	-6.54
434.34	-6.95
434.7	-7.16
435.06	-6.89
435.421	-6.69
435.781	-6.82
436.141	-6.95
436.501	-7.3
436.861	-7.23
437.221	-7.85
437.581	-7.84
437.941	-8.52
438.301	-8.25
438.661	-7.89
439.021	-7.69
439.381	-7.39
439.741	-7.46
440.1	-7.26
440.46	-7.18
440.82	-7.23
441.179	-7.52
441.539	-7.67
441.898	-7.28
442.258	-7.34
442.617	-7.41
442.976	-7.2
443.336	-7.11
443.695	-7.62
444.054	-7.98
444.413	-7.98
444.772	-7.84
445.131	-7.48
445.49	-7.11
445.849	-7.33
446.208	-7.21
446.567	-7.56
446.926	-7.64
447.285	-7.9
447.644	-8.02
448.002	-8.23
448.361	-8.08
448.72	-7.79
449.078	-7.66
449.437	-8.23
449.795	-8.1
450.154	-8.02
450.512	-7.74
450.87	-7.95
451.229	-7.39
451.587	-7.46
451.945	-7.2
452.303	-7.2
452.662	-6.98
453.02	-6.64
453.378	-6.84
453.736	-6.84
454.094	-6.69
454.452	-6.33
454.809	-6.39
455.167	-6.03
455.525	-5.69
455.883	-5.84
456.241	-5.34
456.598	-4.79
456.956	-4.23
457.313	-4.34
457.671	-4.49
458.028	-4.07
458.386	-4.62
458.743	-4.69
459.1	-4.26
459.458	-4.69
459.815	-4
460.172	-4.21
460.529	-3.8
460.886	-3.52
461.243	-3.93
461.6	-4.28
461.957	-4.56
462.314	-4.15
462.671	-3.87
463.028	-3.74
463.385	-3.74
463.742	-3.31
464.098	-3.59
464.455	-3.74
464.812	-3.31
465.168	-3.16
465.525	-3.36
465.881	-2.92
466.237	-3.05
466.594	-2.69
466.95	-2.9
467.306	-3.1
467.663	-3.16
468.019	-2.74
468.375	-2.46
468.731	-2.74
469.087	-2.61
469.443	-2.77
469.799	-2.7
470.155	-2.7
470.511	-3.15
470.867	-2.87
471.223	-2.72
471.578	-2.15
471.934	-2.16
472.29	-2.1
472.645	-1.54
473.001	-1.54
473.356	-0.92
473.712	-1.41
474.067	-1.07
474.423	-1.05
474.778	-1.18
475.133	-0.84
475.489	-0.69
475.844	-0.92
476.199	-1.39
476.554	-1.39
476.909	-1.41
477.264	-1.75
477.619	-1.82
477.974	-2.16
478.329	-2.16
478.684	-2.08
479.039	-1.82
479.393	-1.33
479.748	-1.11
480.103	0.07
480.457	1.11
480.812	1.89
481.166	2.31
481.521	2.52
481.875	3.02
482.23	2.95
482.584	3.16
482.938	3.79
483.293	3.98
483.647	4.13
484.001	4.61
484.355	5.02
484.709	5.46
485.063	6.3
485.417	6.79
485.771	7.77
486.125	8.54
486.479	9.16
486.832	10
487.186	10.84
487.54	11.66
487.894	12.9
488.247	13.31
488.601	14.77
488.954	15.25
489.308	15.95
489.661	16.38
490.014	17.36
490.368	19.2
490.721	20.31
491.074	22.43
491.427	23.62
491.781	25.79
492.134	27.82
492.487	28.59
492.84	30.41
493.193	31.03
493.546	32.59
493.898	33.93
494.251	35.08
494.604	36.48
494.957	37.52
495.309	39.57
495.662	40.62
496.015	42.02
496.367	43.77
496.72	45.93
497.072	47.39
497.425	49.44
497.777	51.38
498.129	53.39
498.482	55.43
498.834	56.89
499.186	58.98
499.538	60.74
499.89	62.13
500.242	63.66
500.594	64.85
500.946	66.38
501.298	67
501.65	67.84
502.002	68.52
502.353	69.72
502.705	71.26
503.057	72.39
503.408	73.51
503.76	75.05
504.111	76.8
504.463	78.2
504.814	79.25
505.166	81
505.517	81.79
505.868	83.33
506.22	84.57
506.571	85.69
506.922	86.67
507.273	88.21
507.624	88.85
507.975	89.26
508.326	90.1
508.677	90.79
509.028	91.43
509.379	92.2
509.73	93.33
510.08	94.25
510.431	95.08
510.782	95.84
511.132	96.74
511.483	97.31
511.833	98.13
512.184	98.41
512.534	98.05
512.885	98.66
513.235	98.38
513.585	98.66
513.935	98.59
514.286	98.39
514.636	98.9
514.986	98.13
515.336	98.33
515.686	98.31
516.036	97.97
516.386	97.82
516.735	97.8
517.085	98.57
517.435	98.56
517.785	98.41
518.134	97.49
518.484	97.84
518.834	97.54
519.183	97.62
519.533	97.62
519.882	96.51
520.231	96.8
520.581	97.21
520.93	96.85
521.279	96.43
521.628	96.57
521.978	96.57
522.327	96.51
522.676	97.34
523.025	97.62
523.374	97.77
523.723	97.28
524.071	97.43
524.42	97.15
524.769	96.66
525.118	96.08
525.466	95.79
525.815	95.51
526.164	95.87
526.512	95.87
526.861	95.46
527.209	94.77
527.557	94.43
527.906	93.66
528.254	92.67
528.602	91.34
528.951	90.98
529.299	90.79
529.647	90.15
529.995	89.33
530.343	88.48
530.691	87.51
531.039	86.66
531.387	85.11
531.735	85.18
532.082	84.62
532.43	83.72
532.778	82.87
533.125	81.34
533.473	80.85
533.82	80.23
534.168	78.98
534.515	78.15
534.863	76.54
535.21	76.26
535.557	75.49
535.905	73.8
536.252	73.51
536.599	72.05
536.946	71.08
537.293	70.95
537.64	69.49
537.987	68.36
538.334	66.75
538.681	66.48
539.028	65.21
539.375	64.31
539.721	62.92
540.068	61.89
540.415	59.93
540.761	58.54
541.108	57.75
541.454	56.2
541.801	54.52
542.147	53.34
542.494	52.25
542.84	50.36
543.186	49.02
543.532	47.05
543.879	45.1
544.225	43.57
544.571	41.41
544.917	39.74
545.263	37.77
545.609	36.49
545.955	34.95
546.3	33.56
546.646	31.75
546.992	30
547.338	28.59
547.683	27.07
548.029	26.21
548.374	24.95
548.72	23.62
549.065	22.66
549.411	22.11
549.756	21.77
550.101	20.92
550.447	19.93
550.792	19.11
551.137	18.9
551.482	18.34
551.827	17.28
552.172	16.23
552.517	15.11
552.862	14.08
553.207	13.18
553.552	12.28
553.897	11.66
554.241	10.46
554.586	9.07
554.931	8.44
555.275	8.03
555.62	6.57
555.964	6.23
556.309	4.97
556.653	3.92
556.998	3.92
557.342	3.59
557.686	3.72
558.03	2.87
558.375	1.48
558.719	1.18
559.063	0.98
559.407	1.11
559.751	0.21
560.095	0.02
560.438	-0.13
560.782	-0.33
561.126	-1.16
561.47	-1.38
561.813	-1.44
562.157	-1.64
562.501	-1.57
562.844	-1.57
563.188	-1.79
563.531	-1.66
563.875	-1.52
564.218	-1.31
564.561	-0.95
564.904	-1.16
565.248	-0.89
565.591	-0.2
565.934	0.34
566.277	1.25
566.62	2.03
566.963	3.08
567.306	3.66
567.649	4.49
567.991	4.85
568.334	5.28
568.677	5.69
569.02	5.84
569.362	6.59
569.705	7.08
570.047	7.56
570.39	8.16
570.732	8.44
571.074	8.95
571.417	10
571.759	10.69
572.101	11.52
572.443	12.23
572.786	13.02
573.128	14.07
573.47	15.11
573.812	15.67
574.154	17.54
574.496	18.72
574.837	20.1
575.179	22.69
575.521	25.15
575.863	27.23
576.204	29.18
576.546	31.43
576.887	33.66
577.229	36.25
577.57	38.48
577.912	40.66
578.253	42.25
578.594	43.51
578.936	46.03
579.277	48.67
579.618	51.13
579.959	53.08
580.3	54.97
580.641	56.72
580.982	59.38
581.323	61.48
581.664	63.43
582.005	65.8
582.346	68.46
582.686	70.2
583.027	72.43
583.368	75.1
583.708	76.92
584.049	79.43
584.389	81.1
584.73	82.85
585.07	84.97
585.41	86.72
585.75	89.36
586.091	91.66
586.431	93.41
586.771	95.16
587.111	96.28
587.451	98.23
587.791	99.43
588.131	101.16
588.471	102.77
588.811	105
589.151	106.26
589.49	107.66
589.83	109.05
590.17	109.82
590.509	111.13
590.849	111.98
591.188	112.05
591.528	113.66
591.867	114.21
592.206	114.57
592.546	114.92
592.885	114.51
593.224	114.79
593.563	115.33
593.902	115.82
594.242	116.25
594.581	116.59
594.919	116.2
595.258	116.05
595.597	115.49
595.936	114.23
596.275	113.03
596.613	112.07
596.952	110.52
597.291	109.46
597.629	107.92
597.968	106.16
598.306	104.77
598.645	103.49
598.983	101.97
599.321	100.49
599.66	98.8
599.998	96.72
600.336	94.9
600.674	93.1
601.012	90.66
601.35	88.97
601.688	86.59
602.026	84.3
602.364	82.28
602.702	79.9
603.04	77.52
603.377	75.72
603.715	73.41
604.053	70.26
604.39	67.89
604.728	65.36
605.065	63.33
605.403	61.79
605.74	58.9
606.077	56.93
606.415	55.21
606.752	52.98
607.089	50.75
607.426	48.79
607.763	46.77
608.1	44.05
608.437	42.3
608.774	40.61
609.111	38.15
609.448	35.64
609.785	34.23
610.121	32.56
610.458	30.52
610.795	28.98
611.131	26.48
611.468	24.87
611.804	23.56
612.141	20.9
612.477	19.72
612.813	18.52
613.15	17.28
613.486	15.93
613.822	14.89
614.158	13.85
614.494	12.31
614.83	11.61
615.166	10.41
615.502	9.07
615.838	8.38
616.174	7.48
616.51	6.66
616.845	6.08
617.181	4.67
617.517	4.8
617.852	4.8
618.188	4.11
618.523	3.7
618.859	3.64
619.194	3.02
619.529	2.31
619.865	2.46
620.2	2.13
620.535	2.41
620.87	2.33
621.205	1.75
621.54	1.69
621.875	1
622.21	0.51
622.545	-0.2
622.88	-0.28
623.215	-0.43
623.549	-0.23
623.884	-0.23
624.219	-0.23
624.553	-0.15
624.888	-0.21
625.222	-0.28
625.557	0
625.891	-0.41
626.225	0.3
626.56	0.44
626.894	0.15
627.228	-0.69
627.562	-0.69
627.896	-0.82
628.23	-0.82
628.564	-1.18
628.898	-1.03
629.232	-1.38
629.566	-1.44
629.9	-1.25
630.233	-1.8
630.567	-2.08
630.901	-2.08
631.234	-1.87
631.568	-0.89
631.901	-0.67
632.235	-0.33
632.568	0.36
632.901	0.07
633.235	-0.43
633.568	-0.1
633.901	0.52
634.234	0.61
634.567	0.33
634.9	0.54
635.233	0.18
635.566	0.39
635.899	0.26
636.232	-0.31
636.565	-0.51
636.897	-0.18
637.23	-0.74
637.563	-0.59
637.895	-0.72
638.228	-2.33
638.56	-2.31
638.893	-2.74
639.225	-3.16
639.557	-3.44
639.89	-3.16
640.222	-3.23
640.554	-3.52
640.886	-3.48
641.218	-3.33
641.55	-3.25
641.882	-3.25
642.214	-2.84
642.546	-2.9
642.878	-2.2
643.209	-2.26
643.541	-2.05
643.873	-1.97
644.204	-2.18
644.536	-2.38
644.867	-2.25
645.199	-2.11
645.53	-1.82
645.862	-1.82
646.193	-1.9
646.524	-2.31
646.855	-2.74
647.186	-3.02
647.517	-2.39
647.849	-2.05
648.18	-2.18
648.51	-1.69
648.841	-0.98
649.172	-0.84
649.503	-0.75
649.834	-0.52
650.164	-1.07
650.495	-0.44
650.826	-0.44
651.156	-0.3
651.487	-0.36
651.817	-0.7
652.147	-1.34
652.478	-1
652.808	-1.49
653.138	-1.34
653.468	-1.13
653.799	-1.41
654.129	-2.03
654.459	-2.18
654.789	-2.11
655.119	-2.13
655.448	-2.2
655.778	-2.2
656.108	-1.85
656.438	-1.7
656.767	-1.85
657.097	-2.48
657.426	-2.61
657.756	-2.82
658.085	-3.31
658.415	-2.48
658.744	-2.56
659.074	-2
659.403	-2.02
659.732	-1.87
660.061	-1.8
660.39	-2.23
660.719	-2.08
661.048	-2.56
661.377	-3.31
661.706	-3.31
662.035	-3.05
662.364	-2.82
662.692	-2.9
663.021	-2.9
663.35	-1.92
663.678	-1.72
664.007	-2.15
664.335	-1.66
664.664	-1.3
664.992	-1.23
665.321	-1.72
665.649	-2.57
665.977	-2.57
666.305	-2.16
666.633	-1.75
666.961	-1.89
667.289	-1.82
667.617	-1.89
667.945	-2.1
668.273	-2.16
668.601	-2.46
668.929	-2.74
669.256	-2.95
669.584	-3.18
669.912	-3.54
670.239	-3.34
670.567	-3.2
670.894	-2.57
671.222	-1.82
671.549	-1.82
671.876	-1.48
672.203	-0.49
672.531	-0.82
672.858	-0.25
673.185	-0.05
673.512	-0.05
673.839	-0.46
674.166	0.16
674.493	-0.25
674.819	0.03
675.146	-0.16
675.473	-0.03
675.8	-0.1
676.126	-0.1
676.453	0.39
676.779	0.39
677.106	0.82
677.432	1.25
677.759	1.39
678.085	1.13
678.411	1.7
678.737	2.05
679.064	1.92
679.39	2.28
679.716	2
680.042	2.21
680.368	2.98
680.694	2.92
681.019	2.85
681.345	3.13
681.671	3.33
681.997	3.13
682.322	2.77
682.648	3.39
682.973	3.89
683.299	3.1
683.624	3.25
683.95	3.8
684.275	3.18
684.6	3.44
684.925	3.03
685.251	3.03
685.576	3.89
685.901	3.75
686.226	3.41
686.551	3.34
686.876	3.61
687.2	3.54
687.525	3.33
687.85	3.39
688.175	3.03
688.499	2.62
688.824	2.54
689.148	2.39
689.473	2.41
689.797	2.69
690.122	2.75
690.446	2.05
690.77	1.56
691.095	0.59
691.419	0.61
691.743	0.26
692.067	-0.08
692.391	-0.52
692.715	-1.51
693.039	-1.64
693.363	-1.3
693.686	-1.3
694.01	-1.49
694.334	-0.95
694.658	-1.1
694.981	-0.74
695.305	-0.87
695.628	-0.52
695.952	-0.8
696.275	-1.21
696.598	-0.59
696.922	-1.15
697.245	-1.28
697.568	-1.13
697.891	-0.44
698.214	-0.31
698.537	-0.38
698.86	-0.66
699.183	-0.93
699.506	-0.66
699.829	-0.87
700.151	-1.3
700.474	-1.66
700.797	-1.95
701.119	-1.61
701.442	-1.8
701.764	-1.87
702.087	-1.51
702.409	-1.49
702.732	-1.7
703.054	-2.18
703.376	-2.38
703.698	-3.28
704.02	-3.21
704.342	-3.56
704.664	-3.21
704.986	-2.72
705.308	-2.8
705.63	-2.67
705.952	-2.59
706.274	-2.8
706.595	-2.52
706.917	-2.39
707.239	-2.82
707.56	-3.02
707.882	-2.61
708.203	-2.18
708.525	-1.82
708.846	-1.69
709.167	-1.62
709.488	-1.49
709.81	-1.41
710.131	-1.2
710.452	-1.49
710.773	-0.8
711.094	-0.69
711.415	-0.56
711.735	-0.84
712.056	-0.49
712.377	0.07
712.698	-0.21
713.018	-0.28
713.339	0.28
713.659	0.75
713.98	1.05
714.3	0.92
714.621	0.7
714.941	0.7
715.261	-0.13
715.581	-0.21
715.902	-0.57
716.222	-0.85
716.542	-0.64
716.862	-0.44
717.182	-0.74
717.502	-1.31
717.821	-1.93
718.141	-2.02
718.461	-1.61
718.781	-1.61
719.1	-1.61
719.42	-1.33
719.739	-1.82
720.059	-1.9
720.378	-1.67
720.698	-2.25
721.017	-2.33
721.336	-2.11
721.655	-2.54
721.974	-2.84
722.294	-3.26
722.613	-3.07
722.932	-2.74
723.251	-2.46
723.569	-2.59
723.888	-2.72
724.207	-2.79
724.526	-2.92
724.844	-3.11
725.163	-2.75
725.482	-3.05
725.8	-2.92
726.119	-2.98
726.437	-3.33
726.755	-3.03
727.074	-3.33
727.392	-3.25
727.71	-3.11
728.028	-3.11
728.346	-3.31
728.664	-3.25
728.982	-3.44
729.3	-3.16
729.618	-3.03
729.936	-2.59
730.254	-3.07
730.571	-3.61
730.889	-3.59
731.206	-3.52
731.524	-3.51
731.841	-3.38
732.159	-2.9
732.476	-3.18
732.794	-4
733.111	-4.62
733.428	-4.97
733.745	-4.9
734.062	-4.62
734.379	-4.41
734.696	-4.13
735.013	-3.77
735.33	-3.07
735.647	-3.07
735.964	-2.93
736.281	-3.02
736.597	-2.33
736.914	-1.97
737.23	-1.9
737.547	-1.75
737.863	-1.67
738.18	-1.59
738.496	-1.87
738.813	-2.08
739.129	-1.31
739.445	-0.95
739.761	-0.97
740.077	-0.48
740.393	-0.46
740.709	-0.26
741.025	0.16
741.341	0.18
741.657	0.11
741.973	0.95
742.288	1.25
742.604	1.72
742.92	1.77
743.235	1.82
743.551	2.3
743.866	2.51
744.181	2.15
744.497	1.44
744.812	1.72
745.127	1.72
745.442	1.74
745.757	2.64
746.073	3.05
746.388	3.62
746.702	3.62
747.017	3.69
747.332	3.97
747.647	3.89
747.962	4.44
748.276	4.36
748.591	3.87
748.906	3.25
749.22	3.25
749.535	3.03
749.849	2.89
750.163	2.44
750.478	2.03
750.792	2.18
751.106	2.25
751.42	2.18
751.734	1.98
752.048	2.74
752.362	3.1
752.676	2.66
752.99	2.46
753.304	2.46
753.618	2.39
753.931	2.67
754.245	1.77
754.558	1.15
754.872	1.02
755.186	0.74
755.499	0.67
755.812	-0.21
756.126	-0.08
756.439	-0.3
756.752	-0.3
757.065	-0.51
757.378	-0.66
757.691	0.44
758.004	0.52
758.317	0.59
758.63	0.59
758.943	0.8
759.256	0.82
759.568	0.61
759.881	0.05
760.194	-0.1
760.506	-0.16
760.819	-0.02
761.131	-0.56
761.444	-0.77
761.756	-1.18
762.068	-0.75
762.38	-1.02
762.693	-1.3
763.005	-1.66
763.317	-1.23
763.629	-0.95
763.941	-1.21
764.253	-1.34
764.564	-1.64
764.876	-2.26
765.188	-2.69
765.5	-3.25
765.811	-3.05
766.123	-3.25
766.434	-3.74
766.746	-3.74
767.057	-4.3
767.369	-3.59
767.68	-3.38
767.991	-2.74
768.302	-2.54
768.613	-2.18
768.924	-1.75
769.235	-1.11
769.546	-0.98
769.857	-1.26
770.168	-1.33
770.479	-1.54
770.79	-1.36
771.1	-1.23
771.411	-1.16
771.722	-1.02
772.032	-0.26
772.343	-0.77
772.653	-0.92
772.963	-0.85
773.274	0.2
773.584	0.75
773.894	0.41
774.204	0.39
774.514	0.75
774.824	1.1
775.134	0.75
775.444	0.97
775.754	0.84
776.064	0.84
776.374	0.26
776.683	-0.7
776.993	-0.79
777.302	-1.11
777.612	-1.39
777.921	-1.46
778.231	-1.54
778.54	-1.26
778.85	-1.18
779.159	-1.2
779.468	-0.92
779.777	-1.07
780.086	-0.93
780.395	-1.49
780.704	-0.85
781.013	-1.75
781.322	-1.2
781.631	-1.48
781.939	-1.82
782.248	-1.61
782.557	-2.03
782.865	-1.82
783.174	-1.75
783.482	-1.74
783.791	-1.8
784.099	-2.02
784.407	-1.95
784.716	-2.08
785.024	-2.23
785.332	-2.23
785.64	-1.93
785.948	-1.79
786.256	-2.34
786.564	-2.48
786.872	-2.49
787.18	-2.84
787.487	-3
787.795	-3.15
788.103	-3.77
788.41	-3.41
788.718	-3.43
789.025	-3.77
789.333	-3.56
789.64	-3.67
789.947	-3.66
790.255	-4.51
790.562	-4.3
790.869	-4.98
791.176	-4.69
791.483	-4.33
791.79	-4.25
792.097	-4.89
792.404	-5.8
792.711	-5.11
793.017	-4.48
793.324	-5.61
793.631	-5.61
793.937	-5.67
794.244	-5.82
794.55	-6.18
794.857	-5.9
795.163	-5.61
795.469	-5.39
795.776	-5.54
796.082	-5.56
796.388	-5.08
796.694	-4.95
797	-5.15
797.306	-5.36
797.612	-5.1
797.918	-5.15
798.224	-5.23
798.529	-4.82
798.835	-5.44
799.141	-5.87
799.446	-6.44
799.752	-5.89
800.057	-6.23
800.363	-5.89
800.668	-5.33
800.973	-5.34
801.278	-5.33
801.584	-5.26
801.889	-5.39
802.194	-4.85
802.499	-5
802.804	-4.85
803.109	-4.38
803.413	-4.66
803.718	-4.15
804.023	-4.02
804.328	-4.25
804.632	-4.39
804.937	-4.41
805.241	-4.49
805.546	-4.56
805.85	-4
806.154	-4
806.459	-4.2
806.763	-3.87
807.067	-4.16
807.371	-4.08
807.675	-3.93
807.979	-4
808.283	-3.95
808.587	-4.03
808.891	-3.39
809.195	-3.82
809.498	-3.84
809.802	-3.9
810.106	-4.11
810.409	-4.39
810.713	-3.97
811.016	-3.2
811.319	-3.07
811.623	-3.13
811.926	-2.13
812.229	-2.49
812.532	-2.15
812.836	-2.15
813.139	-2.21
813.442	-2.21
813.744	-1.25
814.047	-1.03
814.35	-1.31
814.653	-1.8
814.956	-1.72
815.258	-1.79
815.561	-1.52
815.863	-1.39
816.166	-1.25
816.468	-0.98
816.771	-1.33
817.073	-1.33
817.375	-1.26
817.677	-0.9
817.979	-0.82
818.281	-0.75
818.583	-0.54
818.885	-0.89
819.187	-0.82
819.489	-0.89
819.791	-0.75
820.093	-0.62
820.394	-0.7
820.696	-1.18
820.998	-1.16
821.299	-0.8
821.6	-0.87
821.902	-0.93
822.203	-1.3
822.504	-1.43
822.806	-1.21
823.107	-1.77
823.408	-2.51
823.709	-2.38
824.01	-2.57
824.311	-3.07
824.612	-3.34
824.913	-2.72
825.213	-3.13
825.514	-3.84
825.815	-3.28
826.115	-3.36
826.416	-3.84
826.716	-3.82
827.017	-4.1
827.317	-4.38
827.617	-4.08
827.918	-3.95
828.218	-4.16
828.518	-4.1
828.818	-4.44
829.118	-4.59
829.418	-4.31
829.718	-4.93
830.018	-5.02
830.318	-5.38
830.617	-4.95
830.917	-5.08
831.217	-4.23
831.516	-4.02
831.816	-4.08
832.115	-4.7
832.415	-5.21
832.714	-4.79
833.013	-4.57
833.312	-4.57
833.612	-4.51
833.911	-4.64
834.21	-4.85
834.509	-5.15
834.808	-5.56
835.107	-4.85
835.405	-4.98
835.704	-4.3
836.003	-4.16
836.301	-4.1
836.6	-4.25
836.899	-3.77
837.197	-3.49
837.495	-4.26
837.794	-3.98
838.092	-3.49
838.39	-3.85
838.689	-3.62
838.987	-3.49
839.285	-3.23
839.583	-3.16
839.881	-2.74
840.179	-2.33
840.476	-2.33
840.774	-2.11
841.072	-2.46
841.37	-1.54
841.667	-0.85
841.965	-1.07
842.262	-1
842.56	-1.49
842.857	-0.7
843.154	-1.26
843.452	-0.98
843.749	0.43
844.046	-0.02
844.343	0.33
844.64	0.44
844.937	0.72
845.234	1.07
845.531	1.41
845.828	1.41
846.125	1.15
846.421	0.93
846.718	0.79
847.014	0.98
847.311	1.05
847.607	0.43
847.904	0.7
848.2	0
848.496	0.07
848.793	-0.28
849.089	0
849.385	-0.64
849.681	-0.51
849.977	-0.23
850.273	0.18
850.569	0.54
850.865	0.97
851.16	1.05
851.456	0.84
851.752	1.26
852.047	1.26
852.343	1.7
852.638	1.51
852.934	1.79
853.229	1
853.524	1.08
853.82	0.8
854.115	0.72
854.41	0.87
854.705	1.3
855	0.89
855.295	1.1
855.59	1.59
855.885	1.1
856.179	0.89
856.474	1.18
856.769	0.67
857.063	0.69
857.358	1.05
857.652	0.84
857.947	0.49
858.241	0.15
858.536	0.43
858.83	-0.08
859.124	0.05
859.418	-0.31
859.712	0.05
860.006	0.49
860.3	0.34
860.594	0.77
860.888	0.34
861.182	0.75
861.475	0.97
861.769	0.26
862.063	0.49
862.356	0.43
862.65	0.64
862.943	0.28
863.237	0.28
863.53	-0.21
863.823	0.05
864.116	-0.23
864.41	0.26
864.703	0.26
864.996	0.54
865.289	0.2
865.582	0.48
865.874	0.34
866.167	1.2
866.46	1.2
866.753	1.74
867.045	1.74
867.338	1.89
867.63	1.54
867.923	0.56
868.215	0
868.507	-0.21
868.8	-0.62
869.092	-0.48
869.384	-0.89
869.676	-1.64
869.968	-2.05
870.26	-2.07
870.552	-2.34
870.844	-2.62
871.136	-2.33
871.427	-2.54
871.719	-1.97
872.011	-1.75
872.302	-2.18
872.594	-2.59
872.885	-2.89
873.177	-3.38
873.468	-3.1
873.759	-2.8
874.05	-2.8
874.342	-2.95
874.633	-2.52
874.924	-2.54
875.215	-2.75
875.506	-2.26
875.796	-2.41
876.087	-2.34
876.378	-2.48
876.669	-2.82
876.959	-2.59
877.25	-2.72
877.54	-3.08
877.831	-3.1
878.121	-3.16
878.412	-3.1
878.702	-3.1
878.992	-3.3
879.282	-3.23
879.572	-3.1
879.862	-3.38
880.152	-3.57
880.442	-3.54
880.732	-3.45
881.022	-3.65
881.312	-3.25
881.601	-3.45
881.891	-2.89
882.18	-2.94
882.47	-2.83
882.759	-2.96
883.049	-2.76
883.338	-2.73
883.627	-2.71
883.917	-3.13
884.206	-2.91
884.495	-3.24
884.784	-3.61
885.073	-3.91
885.362	-3.6
885.65	-2.95
885.939	-2.8
886.228	-2.97
886.517	-3.18
886.805	-3.3
887.094	-2.81
887.382	-2.54
887.671	-1.88
887.959	-2.06
888.247	-1.19
888.536	-0.68
