155.485	-9.06
155.876	-8
156.266	-7.76
156.656	-7.91
157.046	-8.17
157.436	-8.06
157.826	-8.97
158.216	-8.84
158.606	-8.95
158.996	-9.25
159.386	-9.44
159.776	-9.52
160.166	-9.79
160.556	-9.86
160.945	-9.44
161.335	-9.24
161.725	-9.04
162.114	-8.67
162.504	-9.1
162.894	-8.66
163.283	-8.16
163.673	-8.48
164.062	-8.32
164.452	-8.17
164.841	-7.8
165.23	-7.43
165.62	-7.44
166.009	-7.17
166.398	-7.14
166.787	-7.02
167.177	-6.75
167.566	-6.97
167.955	-7.39
168.344	-7.74
168.733	-8.1
169.122	-8.25
169.511	-8.38
169.9	-9.21
170.289	-8.72
170.678	-8.57
171.066	-8.43
171.455	-7.89
171.844	-7.61
172.233	-7.59
172.621	-7.31
173.01	-7.3
173.398	-7.07
173.787	-7.28
174.176	-7.64
174.564	-7.36
174.952	-7.56
175.341	-7.97
175.729	-7.61
176.118	-7.05
176.506	-6.97
176.894	-7.25
177.282	-7.8
177.671	-8.02
178.059	-8.3
178.447	-7.79
178.835	-8.21
179.223	-8.41
179.611	-8.82
179.999	-8.41
180.387	-8.61
180.775	-8.33
181.163	-8.33
181.55	-7.43
181.938	-6.87
182.326	-7
182.714	-6.72
183.101	-6.44
183.489	-6.36
183.876	-5.87
184.264	-5.59
184.652	-5.39
185.039	-5.11
185.427	-5.18
185.814	-5.39
186.201	-4.84
186.589	-5.54
186.976	-5.48
187.363	-5.34
187.75	-5.54
188.138	-6.03
188.525	-6.03
188.912	-5.97
189.299	-5.98
189.686	-6.33
190.073	-6.38
190.46	-6.23
190.847	-6.79
191.234	-6.64
191.621	-6.49
192.007	-5.59
192.394	-5.03
192.781	-5.3
193.168	-4.89
193.554	-4.67
193.941	-4.95
194.328	-4.89
194.714	-4.9
195.101	-5.25
195.487	-5.8
195.874	-6.3
196.26	-6.36
196.646	-6.51
197.033	-6.66
197.419	-6.38
197.805	-6.79
198.191	-6.79
198.578	-6.25
198.964	-6.03
199.35	-6.46
199.736	-6.95
200.122	-7.51
200.508	-7.3
200.894	-7.21
201.28	-7.07
201.666	-7
202.052	-7.21
202.437	-5.8
202.823	-5.25
203.209	-5.16
203.595	-5.79
203.98	-4.89
204.366	-5.25
204.751	-5.05
205.137	-5.26
205.522	-6.16
205.908	-5.75
206.293	-5.75
206.679	-5.69
207.064	-5.49
207.449	-5.98
207.835	-5.98
208.22	-6.89
208.605	-7.16
208.99	-6.82
209.375	-6.33
209.76	-6.39
210.146	-5.84
210.531	-6.33
210.916	-6.41
211.3	-6
211.685	-5.3
212.07	-5.21
212.455	-6.18
212.84	-6.1
213.225	-6.23
213.609	-5.54
213.994	-5.48
214.379	-4.64
214.763	-4.16
215.148	-3.82
215.532	-3.89
215.917	-4.02
216.301	-3.61
216.686	-3.67
217.07	-3.34
217.454	-2.8
217.839	-3.08
218.223	-2.79
218.607	-3.15
218.991	-3.21
219.375	-2.52
219.76	-2.46
220.144	-2.54
220.528	-2.26
220.912	-2.39
221.296	-1.84
221.68	-1.49
222.063	-1.07
222.447	-1.28
222.831	-1.15
223.215	-0.51
223.599	-0.31
223.982	-0.18
224.366	-0.07
224.749	0.13
225.133	0.62
225.517	0.69
225.9	0.41
226.284	0.2
226.667	-0.66
227.05	-0.38
227.434	-0.8
227.817	-0.23
228.2	-0.57
228.583	-0.38
228.967	0.02
229.35	-0.25
229.733	-0.25
230.116	-0.31
230.499	-0.52
230.882	-0.46
231.265	-0.39
231.648	0.16
232.031	0.44
232.414	0.3
232.796	-0.26
233.179	-0.05
233.562	-0.11
233.945	0.51
234.327	0.59
234.71	0.46
235.092	0.52
235.475	0.52
235.858	1.07
236.24	1.26
236.622	1.61
237.005	1.26
237.387	1.39
237.769	0.97
238.152	0.69
238.534	0.34
238.916	0.56
239.298	0.41
239.68	0.34
240.062	0.77
240.444	1.07
240.826	1.08
241.208	1.43
241.59	1.28
241.972	1.79
242.354	2.15
242.736	2.36
243.118	2.85
243.499	3.56
243.881	3.75
244.263	3.46
244.644	3.8
245.026	3.74
245.407	3.61
245.789	3.67
246.17	3.95
246.552	3.87
246.933	3.93
247.315	4
247.696	4.3
248.077	4.23
248.458	3.82
248.839	3.67
249.221	3.05
249.602	3.33
249.983	3.74
250.364	4.1
250.745	3.89
251.126	3.75
251.507	4.05
251.888	3.93
252.268	3.89
252.649	3.61
253.03	3.18
253.411	3.2
253.791	2.93
254.172	2.92
254.553	2.72
254.933	2.51
255.314	2.16
255.694	2.39
256.075	2.52
256.455	2.44
256.835	2.16
257.216	1.62
257.596	1.69
257.976	1.11
258.356	0.7
258.737	0.28
259.117	0.43
259.497	0.93
259.877	0.87
260.257	0.66
260.637	0.31
261.017	0.31
261.397	0.25
261.777	0.66
262.156	0.23
262.536	0.36
262.916	0.15
263.296	-0.36
263.675	-0.51
264.055	-1
264.434	-1.2
264.814	-1.13
265.194	-1.07
265.573	-0.72
265.952	-1.21
266.332	-1.62
266.711	-1.97
267.09	-2.18
267.47	-1.82
267.849	-1.54
268.228	-1.75
268.607	-1.9
268.986	-2.1
269.365	-2.25
269.744	-2.16
270.123	-2.16
270.502	-2.16
270.881	-2.3
271.26	-1.89
271.639	-1.75
272.018	-1.25
272.397	-1.54
272.775	-2.38
273.154	-2.02
273.533	-2.44
273.911	-2.15
274.29	-1.82
274.668	-1.69
275.047	-1.75
275.425	-1.54
275.804	-1.15
276.182	-0.44
276.56	-0.26
276.939	0
277.317	0.7
277.695	0.62
278.073	1.05
278.451	1.2
278.829	1.33
279.207	0.98
279.585	1.2
279.963	1.56
280.341	1.9
280.719	1.97
281.097	2.52
281.475	2.87
281.853	3.08
282.23	2.87
282.608	2.23
282.986	2.43
283.363	2.21
283.741	1.8
284.118	1.66
284.496	1.87
284.873	1.66
285.251	1.67
285.628	1.82
286.005	1.82
286.383	1.75
286.76	2.03
287.137	2.31
287.514	2.67
287.891	2.82
288.268	2.48
288.646	1.98
289.023	2.54
289.4	2.39
289.776	3.08
290.153	2.95
290.53	3.52
290.907	2.69
291.284	2.9
291.66	2.75
292.037	3.03
292.414	3.18
292.79	3.05
293.167	3.33
293.543	3.26
293.92	3.18
294.296	2.85
294.673	2.51
295.049	2.08
295.426	2.79
295.802	3.13
296.178	2.79
296.554	3.07
296.93	3.34
297.307	3.15
297.683	2.72
298.059	2.98
298.435	2.54
298.811	2.13
299.187	1.49
299.562	1.36
299.938	2
300.314	1.52
300.69	1.46
301.066	1.67
301.441	1.59
301.817	0.95
302.192	1.64
302.568	2.07
302.944	2.11
303.319	1.15
303.694	1.36
304.07	1.02
304.445	0.87
304.821	0.87
305.196	0.66
305.571	1.08
305.946	1.23
306.321	1.31
306.696	1.44
307.072	1.59
307.447	1.44
307.822	1.89
308.197	1.89
308.571	1.69
308.946	1.75
309.321	1.9
309.696	1.41
310.071	1.62
310.445	1.46
310.82	1.46
311.195	1.25
311.569	2.08
311.944	1.93
312.318	1.8
312.693	1.25
313.067	1.18
313.442	0.97
313.816	0.75
314.19	0.69
314.565	1.11
314.939	1.54
315.313	1.48
315.687	1.8
316.061	1.67
316.435	1.67
316.809	1.95
317.183	1.46
317.557	2.1
317.931	2.85
318.305	2.21
318.679	2.49
319.052	2.64
319.426	2.43
319.8	2.28
320.174	2.34
320.547	2.49
320.921	2.21
321.294	2.36
321.668	2.57
322.041	3.15
322.415	2.93
322.788	2.36
323.161	2.15
323.535	2.43
323.908	1.72
324.281	1.44
324.654	1.51
325.027	1.46
325.4	0.75
325.773	0.69
326.146	1.23
326.519	1.23
326.892	1.3
327.265	1.51
327.638	1.38
328.011	1.93
328.383	1.72
328.756	1.87
329.129	2
329.501	2
329.874	2.13
330.247	1.7
330.619	1.77
330.991	1.62
331.364	1.89
331.736	2.1
332.109	2.38
332.481	2.18
332.853	2.16
333.225	2.44
333.598	2.51
333.97	2.51
334.342	1.8
334.714	1.67
335.086	1.8
335.458	1.8
335.83	1.8
336.202	1.66
336.573	2.51
336.945	2.66
337.317	2.51
337.689	1.87
338.06	2.15
338.432	1.74
338.804	1.61
339.175	1.95
339.547	1.33
339.918	1.52
340.29	1.44
340.661	1.18
341.032	1.69
341.404	1.9
341.775	2.16
342.146	2.02
342.517	2.02
342.888	1.8
343.259	2.36
343.63	2.64
344.001	3
344.372	3.08
344.743	2.93
345.114	3.23
345.485	3.59
345.856	3.66
346.227	3.46
346.597	3.95
346.968	4.38
347.339	4.87
347.709	4.44
348.08	4.51
348.45	4.51
348.821	4.93
349.191	5.07
349.562	5.21
349.932	5
350.302	5.07
350.673	5.08
351.043	5.23
351.413	4.8
351.783	5
352.153	5.07
352.523	4.8
352.893	5.15
353.263	4.79
353.633	4.85
354.003	4.93
354.373	4.87
354.743	4.8
355.112	5
355.482	4.67
355.852	4.34
356.221	3.93
356.591	4.13
356.961	4.34
357.33	4
357.7	3.87
358.069	3.74
358.438	3.95
358.808	3.33
359.177	2.89
359.546	2.66
359.915	2.8
360.285	2.95
360.654	2.52
361.023	2.74
361.392	2.87
361.761	1.89
362.13	1.95
362.499	2.02
362.868	1.67
363.236	1.1
363.605	0.61
363.974	0.39
364.343	0.61
364.711	0.77
365.08	0.28
365.449	-0.07
365.817	-0.77
366.186	-1.33
366.554	-1.07
366.922	-1.15
367.291	-1.36
367.659	-1.36
368.027	-1.36
368.396	-1.23
368.764	-1.25
369.132	-1.52
369.5	-1.54
369.868	-1.67
370.236	-1.54
370.604	-1.59
370.972	-1.51
371.34	-1.59
371.708	-2.21
372.076	-2.21
372.443	-2.15
372.811	-2.08
373.179	-2.02
373.547	-2.18
373.914	-1.82
374.282	-2.08
374.649	-1.79
375.017	-1.79
375.384	-1.98
375.752	-1.84
376.119	-2.33
376.486	-2.61
376.853	-2.33
377.221	-2.39
377.588	-2.1
377.955	-2.03
378.322	-2.46
378.689	-1.9
379.056	-1.97
379.423	-1.97
379.79	-1.97
380.157	-1.9
380.524	-1.62
380.891	-1.82
381.257	-1.26
381.624	-1.39
381.991	-1.1
382.357	-1.1
382.724	-1.38
383.09	-1.36
383.457	-1.52
383.823	-1.72
384.19	-1.02
384.556	-0.8
384.923	-0.38
385.289	-0.03
385.655	-0.16
386.021	0.39
386.387	0.11
386.754	-0.16
387.12	-0.31
387.486	-0.3
387.852	0.39
388.218	0.89
388.583	1.38
388.949	1.26
389.315	1.97
389.681	2.11
390.047	2.03
390.412	1.75
390.778	2.05
391.144	2.33
391.509	2.46
391.875	2.33
392.24	2.11
392.605	2.05
392.971	1.61
393.336	1.46
393.702	0.98
394.067	1.82
394.432	1.82
394.797	1.69
395.162	1.97
395.527	1.89
395.892	1.82
396.257	1.66
396.622	1.59
396.987	1.59
397.352	1.64
397.717	1.36
398.082	1.15
398.446	2.2
398.811	2.28
399.176	2.15
399.54	2.07
399.905	2.07
400.269	1.92
400.634	1.98
400.998	1.43
401.363	1.3
401.727	1.23
402.091	2
402.456	1.79
402.82	1.51
403.184	1.43
403.548	0.93
403.912	0.59
404.276	0.1
404.64	-0.18
405.004	0.15
405.368	0.28
405.732	0.72
406.096	0.7
406.46	0.64
406.823	0.43
407.187	0.02
407.551	-0.33
407.914	0.1
408.278	-0.31
408.641	-0.11
409.005	0.31
409.368	0.57
409.732	0.84
410.095	0.08
410.458	0.16
410.822	-0.05
411.185	-0.54
411.548	-1.38
411.911	-1.31
412.274	-1.31
412.637	-1.31
413	-1.82
413.363	-1.61
413.726	-1.74
414.089	-1.67
414.452	-1.8
414.815	-1.95
415.177	-1.59
415.54	-1.46
415.903	-1.03
416.265	-1.44
416.628	-2
416.99	-1.85
417.353	-2.21
417.715	-2.21
418.078	-2.49
418.44	-2.69
418.802	-2
419.165	-2
419.527	-1.79
419.889	-1.36
420.251	-1.64
420.613	-2.2
420.975	-2.36
421.337	-2.66
421.699	-2.23
422.061	-2.25
422.423	-1.9
422.785	-1.77
423.147	-1.72
423.508	-1.52
423.87	-1.18
424.232	-1.46
424.593	-1.05
424.955	-1.05
425.316	-0.36
425.678	0.26
426.039	0.75
426.401	1.03
426.762	1.1
427.123	1.66
427.484	1.8
427.846	1.03
428.207	1.25
428.568	0.84
428.929	1.26
429.29	1.54
429.651	1.97
430.012	1.84
430.373	2.39
430.734	1.98
431.095	1.21
431.455	1.02
431.816	0.95
432.177	1.7
432.537	1.48
432.898	1.56
433.258	1.69
433.619	1.89
433.979	1.95
434.34	1.95
434.7	1.52
435.06	1.48
435.421	1.41
435.781	1.9
436.141	1.98
436.501	2.05
436.861	2.05
437.221	1.77
437.581	1.64
437.941	0.87
438.301	1.28
438.661	2.18
439.021	1.75
439.381	2.05
439.741	1.79
440.1	1.57
440.46	1.38
440.82	0.69
441.179	0.61
441.539	0.41
441.898	0.46
442.258	0.8
442.617	0.87
442.976	1.08
443.336	0.95
443.695	0.38
444.054	-0.25
444.413	-0.38
444.772	-0.3
445.131	-0.77
445.49	-0.9
445.849	-1.25
446.208	-1.54
446.567	-1.75
446.926	-1.97
447.285	-2.31
447.644	-2.66
448.002	-2.66
448.361	-2.79
448.72	-2.64
449.078	-3.26
449.437	-3.48
449.795	-3.07
450.154	-2.15
450.512	-1.93
450.87	-2.43
451.229	-2.08
451.587	-2.3
451.945	-2.52
452.303	-2.89
452.662	-2.33
453.02	-2.2
453.378	-2.39
453.736	-2.46
454.094	-2.66
454.452	-2.51
454.809	-2.59
455.167	-2.23
455.525	-1.66
455.883	-1.38
456.241	-0.95
456.598	-0.31
456.956	-0.03
457.313	-0.16
457.671	-0.51
458.028	-0.51
458.386	-1.07
458.743	-0.77
459.1	-0.15
459.458	-0.08
459.815	0.82
460.172	0.41
460.529	-0.16
460.886	0.26
461.243	-0.08
461.6	0.33
461.957	0.41
462.314	0.67
462.671	0.38
463.028	0.44
463.385	0.93
463.742	1.3
464.098	1.08
464.455	0.95
464.812	1.31
465.168	1.59
465.525	2.15
465.881	2.64
466.237	2.66
466.594	2.66
466.95	3.36
467.306	3.51
467.663	3.64
468.019	3.79
468.375	3.87
468.731	3.93
469.087	3.87
469.443	3.85
469.799	3.92
470.155	3.84
470.511	3.54
470.867	3.89
471.223	3.89
471.578	4.1
471.934	2.82
472.29	2.89
472.645	3.51
473.001	3.16
473.356	3.66
473.712	3.87
474.067	4.15
474.423	4.02
474.778	4.38
475.133	4.36
475.489	4.21
475.844	3.85
476.199	3.44
476.554	3.16
476.909	3.02
477.264	2.72
477.619	2.25
477.974	1.69
478.329	1.54
478.684	1.61
479.039	1.59
479.393	1.66
479.748	1.93
480.103	2.85
480.457	3.48
480.812	3.41
481.166	3.49
481.521	2.87
481.875	3.3
482.23	3.46
482.584	3.66
482.938	3.72
483.293	3.57
483.647	4.05
484.001	4.54
484.355	5.61
484.709	5.97
485.063	6.23
485.417	6.38
485.771	7.23
486.125	7.92
486.479	8.54
486.832	9.46
487.186	9.95
487.54	10.93
487.894	11.75
488.247	12.74
488.601	13.92
488.954	14.54
489.308	15.11
489.661	16.03
490.014	17.08
490.368	18.64
490.721	19.26
491.074	20.95
491.427	22.56
491.781	24.31
492.134	25.72
492.487	26.57
492.84	28.46
493.193	29.51
493.546	31.21
493.898	32.97
494.251	34.52
494.604	35.7
494.957	36.89
495.309	38.64
495.662	39.69
496.015	41.23
496.367	42.34
496.72	44.51
497.072	46.11
497.425	48.08
497.777	49.75
498.129	51.64
498.482	53.18
498.834	55.07
499.186	57.15
499.538	58.82
499.89	61.07
500.242	62.82
500.594	64.59
500.946	66.05
501.298	67.44
501.65	68.26
502.002	69.31
502.353	70.23
502.705	71.77
503.057	73.72
503.408	74.9
503.76	76.79
504.111	78.48
504.463	80.08
504.814	81.92
505.166	83.74
505.517	84.66
505.868	85.97
506.22	87.21
506.571	88.13
506.922	89.59
507.273	91.26
507.624	92.67
507.975	93.7
508.326	94.54
508.677	95.38
509.028	96.28
509.379	97.41
509.73	98.25
510.08	99.02
510.431	99.51
510.782	100.54
511.132	101.38
511.483	101.46
511.833	102.15
512.184	102.98
512.534	103.26
512.885	103.05
513.235	102.77
513.585	103.61
513.935	104.1
514.286	103.54
514.636	104.31
514.986	104.57
515.336	104.34
515.686	103.9
516.036	104.18
516.386	103.97
516.735	103.48
517.085	103.84
517.435	103.84
517.785	103.84
518.134	103.13
518.484	103.54
518.834	103.39
519.183	104.57
519.533	104.3
519.882	104.15
520.231	104.1
520.581	104.16
520.93	104.23
521.279	103.44
521.628	103.31
521.978	102.95
522.327	102.95
522.676	103.44
523.025	104.08
523.374	103.72
523.723	104.21
524.071	103.79
524.42	103.51
524.769	103.64
525.118	103.36
525.466	102.93
525.815	102.57
526.164	102.36
526.512	101.89
526.861	101.95
527.209	101.54
527.557	100.92
527.906	100.56
528.254	100.21
528.602	98.74
528.951	98.1
529.299	97.28
529.647	96.77
529.995	95.8
530.343	94.48
530.691	93.56
531.039	92.36
531.387	91.02
531.735	90.66
532.082	89.82
532.43	88.9
532.778	88.69
533.125	87.36
533.473	86.89
533.82	85.56
534.168	84.93
534.515	84.44
534.863	82.77
535.21	81.85
535.557	81.36
535.905	79.48
536.252	78.21
536.599	77.18
536.946	75.93
537.293	74.82
537.64	73.3
537.987	72.87
538.334	71.61
538.681	70.75
539.028	69.56
539.375	68.59
539.721	66.98
540.068	66.15
540.415	63.08
540.761	62.46
541.108	60.7
541.454	58.74
541.801	56.85
542.147	55.33
542.494	54.02
542.84	51.75
543.186	50.41
543.532	48.87
543.879	46.56
544.225	45.38
544.571	43.7
544.917	41.82
545.263	40
545.609	38.31
545.955	36.57
546.3	35.23
546.646	33.56
546.992	32.16
547.338	30.41
547.683	28.89
548.029	27.75
548.374	26.49
548.72	25.59
549.065	24.41
549.411	23.02
549.756	22.25
550.101	20.7
550.447	19.57
550.792	18.13
551.137	17.92
551.482	17.49
551.827	16.3
552.172	15.52
552.517	14.84
552.862	14.43
553.207	13.46
553.552	12.84
553.897	12.2
554.241	11.28
554.586	10.3
554.931	9.74
555.275	9.39
555.62	8.64
555.964	8.28
556.309	7.59
556.653	6.54
556.998	6.41
557.342	6.36
557.686	6
558.03	5.79
558.375	5.44
558.719	5.3
559.063	4.61
559.407	4.39
559.751	3.84
560.095	4.26
560.438	4.11
560.782	4.28
561.126	3.66
561.47	4.43
561.813	4
562.157	4.36
562.501	5.05
562.844	5.69
563.188	6.03
563.531	6.72
563.875	8.2
564.218	9.11
564.561	10.1
564.904	11.64
565.248	13.03
565.591	15.54
565.934	18.11
566.277	21.54
566.62	24.98
566.963	27.64
567.306	30.52
567.649	34.23
567.991	37.46
568.334	41.18
568.677	45.49
569.02	49.43
569.362	54.18
569.705	59.34
570.047	65.7
570.39	71.51
570.732	78.02
571.074	84.95
571.417	91.89
571.759	99.28
572.101	106.84
572.443	115.03
572.786	123.85
573.128	133.44
573.47	142.13
573.812	151.43
574.154	162.05
574.496	172.2
574.837	182.97
575.179	195.15
575.521	207.61
575.863	219.77
576.204	232.08
576.546	244.18
576.887	257.75
577.229	271.46
577.57	285.72
577.912	300.41
578.253	314.25
578.594	328.38
578.936	343.62
579.277	359.34
579.618	375.7
579.959	391.49
580.3	408.84
580.641	424.44
580.982	440.46
581.323	457.03
581.664	472.84
582.005	491.16
582.346	507.67
582.686	524.93
583.027	542.75
583.368	560.38
583.708	576.75
584.049	593.82
584.389	609.7
584.73	626.28
585.07	642.51
585.41	658.39
585.75	673.64
586.091	689.15
586.431	703.64
586.771	717.98
587.111	731.26
587.451	744.28
587.791	757.15
588.131	768.97
588.471	779.87
588.811	790.7
589.151	801.26
589.49	810.51
589.83	819.46
590.17	827.79
590.509	835.41
590.849	841.16
591.188	846.75
591.528	852.43
591.867	857.1
592.206	860.67
592.546	863.9
592.885	866.21
593.224	867.05
593.563	868.16
593.902	867.95
594.242	867.31
594.581	866.07
594.919	863.41
595.258	860.74
595.597	856.61
595.936	851.36
596.275	845.62
596.613	840.18
596.952	833.38
597.291	827.26
597.629	818.74
597.968	810.41
598.306	800.84
598.645	790.33
598.983	780.33
599.321	769.62
599.66	757.93
599.998	745
600.336	731.85
600.674	718.59
601.012	703.34
601.35	689.84
601.688	674.93
602.026	659.69
602.364	645
602.702	627.79
603.04	611.9
603.377	595.56
603.715	578.21
604.053	560.66
604.39	544.28
604.728	527.13
605.065	510.48
605.403	493.77
605.74	476.77
606.077	459.9
606.415	443.61
606.752	426.07
607.089	409.49
607.426	392.84
607.763	376.62
608.1	360.67
608.437	345.21
608.774	330.44
609.111	316.1
609.448	301.49
609.785	287
610.121	273.43
610.458	260.07
610.795	246.28
611.131	232.66
611.468	220.54
611.804	208.59
612.141	196.15
612.477	184.75
612.813	174.11
613.15	163.26
613.486	152.2
613.822	143.25
614.158	133.33
614.494	124.44
614.83	116.11
615.166	107.21
615.502	99.16
615.838	91.21
616.174	84.43
616.51	77.72
616.845	70.92
617.181	64.48
617.517	59.02
617.852	53.3
618.188	48.05
618.523	42.8
618.859	38.26
619.194	33.85
619.529	29.51
619.865	26.3
620.2	22.89
620.535	19.82
620.87	17.36
621.205	14.54
621.54	12.51
621.875	10.21
622.21	8.61
622.545	6.87
622.88	5.59
623.215	3.92
623.549	2.87
623.884	1.67
624.219	0.84
624.553	0.08
624.888	-0.62
625.222	-1.18
625.557	-1.59
625.891	-2.43
626.225	-1.87
626.56	-2
626.894	-1.87
627.228	-2
627.562	-1.87
627.896	-1.74
628.23	-1.75
628.564	-1.9
628.898	-1.75
629.232	-1.69
629.566	-1.95
629.9	-1.13
630.233	-0.85
630.567	-0.98
630.901	-0.85
631.234	-0.3
631.568	0.8
631.901	1.16
632.235	1.72
632.568	2
632.901	2.07
633.235	1.93
633.568	2.64
633.901	3.62
634.234	3.49
634.567	3.62
634.9	3.56
635.233	3.9
635.566	4.69
635.899	4.84
636.232	4.97
636.565	4.7
636.897	4.84
637.23	5.13
637.563	4.77
637.895	4.92
638.228	4.64
638.56	4.79
638.893	4.79
639.225	5.13
639.557	5.13
639.89	5.43
640.222	5.43
640.554	5.2
640.886	5.67
641.218	5.54
641.55	5.75
641.882	5.34
642.214	5.82
642.546	5.2
642.878	5.34
643.209	5.3
643.541	5.57
643.873	5.72
644.204	6.13
644.536	5.79
644.867	5.85
645.199	5.57
645.53	6.07
645.862	6.34
646.193	6.54
646.524	5.72
646.855	5.64
647.186	5.3
647.517	5.49
647.849	5.43
648.18	5.23
648.51	5.38
648.841	6
649.172	6.49
649.503	6.43
649.834	6.92
650.164	6.57
650.495	6.98
650.826	7.39
651.156	7.48
651.487	7.41
651.817	7.15
652.147	6.51
652.478	6.85
652.808	6.98
653.138	7.34
653.468	7.69
653.799	7.69
654.129	6.72
654.459	6.77
654.789	7.2
655.119	7.11
655.448	7.26
655.778	7.48
656.108	7.95
656.438	8.23
656.767	8.15
657.097	7.85
657.426	7.79
657.756	8.08
658.085	7.52
658.415	7.44
658.744	7.72
659.074	7.87
659.403	8.56
659.732	8.77
660.061	9.05
660.39	8.64
660.719	8.87
661.048	8.87
661.377	8.31
661.706	8.11
662.035	8.39
662.364	8.26
662.692	9.03
663.021	9.87
663.35	10.7
663.678	10.92
664.007	10.97
664.335	10.77
664.664	11.75
664.992	11.75
665.321	11.97
665.649	11.34
665.977	11.48
666.305	11.75
666.633	11.95
666.961	11.82
667.289	11.39
667.617	11.54
667.945	11.61
668.273	11.69
668.601	11.82
668.929	11.49
669.256	11.21
669.584	11
669.912	10.92
670.239	11.2
670.567	10.72
670.894	10.93
671.222	11.34
671.549	11.41
671.876	11.61
672.203	11.82
672.531	11.9
672.858	12.03
673.185	11.74
673.512	11.52
673.839	11.38
674.166	12.2
674.493	11.66
674.819	11.59
675.146	11.11
675.473	10.97
675.8	10.67
676.126	10.67
676.453	10.61
676.779	10.61
677.106	10.41
677.432	10.54
677.759	10.26
678.085	9.85
678.411	10.08
678.737	9.8
679.064	9.46
679.39	9.05
679.716	8.64
680.042	8.7
680.368	9.33
680.694	8.9
681.019	9.11
681.345	9.26
681.671	9.39
681.997	9.25
682.322	8.41
682.648	8.33
682.973	7.56
683.299	6.3
683.624	5.93
683.95	6.08
684.275	5.93
684.6	5.44
684.925	4.95
685.251	4.61
685.576	5.1
685.901	4.62
686.226	4.2
686.551	4.28
686.876	4.34
687.2	4.85
687.525	4.77
687.85	4.41
688.175	4.39
688.499	3.7
688.824	3.69
689.148	3.26
689.473	3.62
689.797	3.43
690.122	3.3
690.446	3.51
690.77	2.67
691.095	2.39
691.419	2.33
691.743	2.05
692.067	2.05
692.391	0.57
692.715	0.03
693.039	-0.79
693.363	-0.31
693.686	-0.3
694.01	-0.62
694.334	-0.36
694.658	-0.57
694.981	0.2
695.305	-0.49
695.628	-0.56
695.952	-0.97
696.275	-1.33
696.598	-0.64
696.922	-0.36
697.245	-0.43
697.568	-0.21
697.891	0.75
698.214	0.54
698.537	0.52
698.86	0.59
699.183	0.25
699.506	0.87
699.829	0.79
700.151	0.3
700.474	0.64
700.797	-0.28
701.119	0.07
701.442	0.21
701.764	0.21
702.087	1.26
702.409	1.34
702.732	1.34
703.054	1.49
703.376	1.79
703.698	1.16
704.02	0.82
704.342	0.48
704.664	0.9
704.986	1.66
705.308	1.44
705.63	1.72
705.952	1.93
706.274	1.7
706.595	1.77
706.917	1.54
707.239	1.07
707.56	1.02
707.882	1.02
708.203	1.59
708.525	1.38
708.846	1.51
709.167	1.21
709.488	1.41
709.81	1.41
710.131	1.13
710.452	1.33
710.773	1.39
711.094	1.39
711.415	1.46
711.735	1.39
712.056	2.3
712.377	2.57
712.698	2.77
713.018	2.3
713.339	2.08
713.659	2.77
713.98	3.48
714.3	3.13
714.621	2.64
714.941	3.41
715.261	2.98
715.581	2.92
715.902	3.41
716.222	2.72
716.542	2.38
716.862	1.95
717.182	1.72
717.502	1.16
717.821	1.16
718.141	0.89
718.461	1.3
718.781	1.43
719.1	1.21
719.42	0.67
719.739	0.46
720.059	-0.03
720.378	0.39
720.698	0.11
721.017	-0.25
721.336	-0.1
721.655	-0.25
721.974	-0.39
722.294	-0.41
722.613	-0.28
722.932	-0.08
723.251	0.41
723.569	0.56
723.888	0.62
724.207	0.49
724.526	0.36
724.844	0.44
725.163	1.21
725.482	1.21
725.8	1
726.119	1.7
726.437	2
726.755	2.34
727.074	2.33
727.392	2.05
727.71	2.1
728.028	2.25
728.346	2.11
728.664	2.75
728.982	2.56
729.3	2.69
729.618	3.03
729.936	2.97
730.254	2.41
730.571	2.28
730.889	2.44
731.206	2.36
731.524	2.08
731.841	2.13
732.159	2.82
732.476	2.67
732.794	2.11
733.111	1.56
733.428	1
733.745	1.13
734.062	1.48
734.379	1.54
734.696	1.75
735.013	1.89
735.33	1.41
735.647	1.56
735.964	1.9
736.281	1.9
736.597	2.11
736.914	2.05
737.23	2.2
737.547	2.62
737.863	2.43
738.18	2.15
738.496	1.52
738.813	1.57
739.129	2.13
739.445	2.49
739.761	2.43
740.077	2.43
740.393	2.57
740.709	2.43
741.025	2.08
741.341	2.16
741.657	2.25
741.973	2.8
742.288	2.87
742.604	2.66
742.92	2.72
743.235	2.92
743.551	3.54
743.866	3.56
744.181	3.69
744.497	3.11
744.812	3.05
745.127	3.13
745.442	2.72
745.757	3.26
746.073	3.61
746.388	4.25
746.702	4.39
747.017	4.54
747.332	4.67
747.647	5.02
747.962	5.02
748.276	5.21
748.591	5.15
748.906	4.66
749.22	4.93
749.535	4.52
749.849	4.18
750.163	3.67
750.478	3.54
750.792	3.75
751.106	3.69
751.42	3.34
751.734	3.64
752.048	4.2
752.362	3.85
752.676	3.7
752.99	4.13
753.304	4.26
753.618	3.64
753.931	4.07
754.245	3.87
754.558	3.93
754.872	4.41
755.186	4.2
755.499	4.54
755.812	4.43
756.126	4.69
756.439	4.33
756.752	4.39
757.065	3.97
757.378	4.33
757.691	5.16
758.004	5.39
758.317	5.33
758.63	5.33
758.943	4.98
759.256	4.98
759.568	4.84
759.881	4.69
760.194	4.75
760.506	4.67
760.819	5.02
761.131	4.46
761.444	4.74
761.756	4.74
762.068	5.16
762.38	4.97
762.693	4.75
763.005	4.52
763.317	4.46
763.629	4.46
763.941	3.9
764.253	3.9
764.564	3.82
764.876	3.13
765.188	3.07
765.5	2.51
765.811	3.33
766.123	3.48
766.434	3.2
766.746	3.28
767.057	2.64
767.369	2.64
767.68	2.79
767.991	3.21
768.302	3.79
768.613	4.28
768.924	4.41
769.235	4.82
769.546	5.16
769.857	5.16
770.168	5.1
770.479	5.16
770.79	5.02
771.1	5.57
771.411	6.41
771.722	6.69
772.032	6.61
772.343	5.9
772.653	6.33
772.963	6.48
773.274	6.56
773.584	6.7
773.894	6.16
774.204	6.66
774.514	6.52
774.824	7
775.134	6.31
775.444	6.1
775.754	5.89
776.064	6.16
776.374	5.87
776.683	5.8
776.993	6.13
777.302	6.13
777.612	6.11
777.921	6.8
778.231	6.72
778.54	6.66
778.85	6.8
779.159	6.59
779.468	6.8
779.777	6.11
780.086	6.11
780.395	5.36
780.704	5.85
781.013	4.72
781.322	5
781.631	4.43
781.939	4.43
782.248	4.15
782.557	3.8
782.865	3.95
783.174	4.08
783.482	4.08
783.791	4.02
784.099	3.8
784.407	3.87
784.716	3.2
785.024	3.11
785.332	3.26
785.64	3.05
785.948	3.56
786.256	3.28
786.564	3.07
786.872	2.98
787.18	2.34
787.487	2.89
787.795	3.44
788.103	3.11
788.41	2.98
788.718	2.98
789.025	3.05
789.333	3.33
789.64	3.05
789.947	2.36
790.255	1.51
790.562	1.59
790.869	1.18
791.176	1.9
791.483	1.75
791.79	1.54
792.097	1.74
792.404	1.3
792.711	1.28
793.017	1.49
793.324	0.93
793.631	0.44
793.937	1.21
794.244	2.07
794.55	1.79
794.857	2.15
795.163	1.95
795.469	2.16
795.776	2.03
796.082	1.82
796.388	2.03
796.694	2.11
797	2.2
797.306	2.48
797.612	2.62
797.918	2.92
798.224	2.56
798.529	3.03
798.835	2.69
799.141	2.8
799.446	2.51
799.752	2.93
800.057	2.74
800.363	3.23
800.668	3.23
800.973	3.57
801.278	3.72
801.584	4.15
801.889	3.95
802.194	4.72
802.499	4.51
802.804	4.36
803.109	4.51
803.413	4.15
803.718	4.02
804.023	4.02
804.328	3.93
804.632	3.23
804.937	3.16
805.241	2.82
805.546	2.9
805.85	3.26
806.154	2.98
806.459	3.07
806.763	3.67
807.067	3.82
807.371	3.97
807.675	3.48
807.979	3.13
808.283	3.48
808.587	3.87
808.891	4.15
809.195	3.57
809.498	3.34
809.802	2.57
810.106	2.85
810.409	2.72
810.713	2.51
811.016	2.93
811.319	3.28
811.623	3.07
811.926	3.9
812.229	4.31
812.532	3.9
812.836	3.11
813.139	3.18
813.442	3.03
813.744	3.92
814.047	3.43
814.35	2.93
814.653	2.72
814.956	2.57
815.258	2.28
815.561	2.41
815.863	2.34
816.166	2.34
816.468	2.33
816.771	2.33
817.073	2.26
817.375	2.48
817.677	2.49
817.979	2.23
818.281	2.64
818.583	2.98
818.885	2.85
819.187	3.13
819.489	3
819.791	2.93
820.093	2.7
820.394	2.77
820.696	1.72
820.998	1.8
821.299	2.31
821.6	2.87
821.902	2.87
822.203	2.87
822.504	2.66
822.806	2.74
823.107	3.02
823.408	2.46
823.709	2.8
824.01	2.74
824.311	2.44
824.612	2.03
824.913	1.61
825.213	0.79
825.514	0.02
825.815	-0.05
826.115	-0.05
826.416	0.25
826.716	0.54
827.017	0.41
827.317	0.56
827.617	1.13
827.918	1.49
828.218	1.9
828.518	1.97
828.818	1.82
829.118	2.02
829.418	2.43
829.718	2.51
830.018	2.02
830.318	1.52
830.617	1.74
830.917	2.15
831.217	3.15
831.516	3.72
831.816	4.15
832.115	3.25
832.415	3.52
832.714	4.36
833.013	4.49
833.312	4.79
833.612	4.79
833.911	4.93
834.21	5.07
834.509	4.49
834.808	4.21
835.107	4.79
835.405	4.38
835.704	4.64
836.003	4.7
836.301	4.84
836.6	4.15
836.899	4.28
837.197	4.15
837.495	3.59
837.794	3.98
838.092	4.46
838.39	4.52
838.689	4.39
838.987	4.82
839.285	4.74
839.583	4.59
839.881	3.82
840.179	4.44
840.476	4.23
840.774	4.16
841.072	4.02
841.37	4.03
841.667	4.16
841.965	4.44
842.262	4.3
842.56	4.02
842.857	4.7
843.154	5.05
843.452	5.39
843.749	6.15
844.046	5.64
844.343	6.34
844.64	5.98
844.937	5.69
845.234	5.97
845.531	6.03
845.828	5.41
846.125	5.34
846.421	4.72
846.718	4.36
847.014	4.07
847.311	3.87
847.607	3.31
847.904	3.23
848.2	2.8
848.496	3.3
848.793	2.46
849.089	2.46
849.385	1.89
849.681	1.18
849.977	0.89
850.273	1.23
850.569	1.02
850.865	0.67
851.16	0.48
851.456	0.54
851.752	0.84
852.047	0.56
852.343	0.79
852.638	1.08
852.934	1.23
853.229	0.44
853.524	0.93
853.82	1.36
854.115	1.02
854.41	1.1
854.705	1.79
855	1.79
855.295	1.84
855.59	1.7
855.885	1.51
856.179	1.31
856.474	1.82
856.769	1.67
857.063	1.33
857.358	1.75
857.652	1.28
857.947	1.64
858.241	1.44
858.536	1.52
858.83	1.59
859.124	1.46
859.418	0.74
859.712	0.97
860.006	0.69
860.3	0.13
860.594	0.34
860.888	0.15
861.182	0.21
861.475	0.62
861.769	0.28
862.063	0.64
862.356	0.64
862.65	1.26
862.943	1.26
863.237	1.11
863.53	1.11
863.823	1.44
864.116	1.02
864.41	1.64
864.703	1.85
864.996	2.21
865.289	2.13
865.582	2.56
865.874	2.3
866.167	3.36
866.46	2.93
866.753	3.43
867.045	3
867.338	2.93
867.63	3.28
867.923	2.93
868.215	2.59
868.507	2.59
868.8	2.52
869.092	2.61
869.384	1.98
869.676	1.92
869.968	1.92
870.26	1.69
870.552	1.33
870.844	1.54
871.136	1.9
871.427	2.03
871.719	1.54
872.011	2.38
872.302	1.89
872.594	1.75
872.885	1.41
873.177	1.43
873.468	1.7
873.759	1.49
874.05	1.34
874.342	1.05
874.633	1.2
874.924	1.48
875.215	1.25
875.506	1.59
875.796	1.36
876.087	1.07
876.378	1.13
876.669	1.13
876.959	1.2
877.25	1.62
877.54	1.34
877.831	1.48
878.121	2.1
878.412	2.23
878.702	2.36
878.992	1.89
879.282	1.48
879.572	1.75
879.862	1.75
880.152	1.43
880.442	1.03
880.732	0.98
881.022	0.79
881.312	0.66
881.601	0.76
881.891	1.33
882.18	1.28
882.47	1.15
882.759	1.18
883.049	1.3
883.338	0.98
883.627	1.08
883.917	0.55
884.206	0.76
884.495	0.4
884.784	0.61
885.073	0.72
885.362	0.64
885.65	0.66
885.939	0.9
886.228	0.92
886.517	0.61
886.805	0.84
887.094	1.33
887.382	0.74
887.671	0.76
887.959	0.67
888.247	1.5
888.536	1.13
