155.485	-4.61
155.876	-3.69
156.266	-3.82
156.656	-3.71
157.046	-3.97
157.436	-4.11
157.826	-4.32
158.216	-4.45
158.606	-4.56
158.996	-4.65
159.386	-4.44
159.776	-4.43
160.166	-5.12
160.556	-4.8
160.945	-5.16
161.335	-5.52
161.725	-5.4
162.114	-4.75
162.504	-4.65
162.894	-4.9
163.283	-4.88
163.673	-4.79
164.062	-4.38
164.452	-4.39
164.841	-4.38
165.23	-4.39
165.62	-4.68
166.009	-4.47
166.398	-4.76
166.787	-4.68
167.177	-4.48
167.566	-4.41
167.955	-4.26
168.344	-4.05
168.733	-4.2
169.122	-4.07
169.511	-4.33
169.9	-4.39
170.289	-4.05
170.678	-3.98
171.066	-4.75
171.455	-4.48
171.844	-4.18
172.233	-3.48
172.621	-3.97
173.01	-3.41
173.398	-2.98
173.787	-3
174.176	-2.64
174.564	-2.85
174.952	-2.7
175.341	-2.43
175.729	-2.43
176.118	-2.54
176.506	-2.48
176.894	-2.95
177.282	-3.3
177.671	-3.51
178.059	-3.3
178.447	-3.57
178.835	-3.64
179.223	-3.57
179.611	-4.05
179.999	-3.79
180.387	-4.07
180.775	-4.13
181.163	-3.84
181.55	-3.36
181.938	-3.77
182.326	-3.62
182.714	-3.28
183.101	-3.43
183.489	-3
183.876	-2.23
184.264	-2.8
184.652	-2.67
185.039	-2.31
185.427	-2.52
185.814	-2.67
186.201	-3.02
186.589	-2.67
186.976	-2.89
187.363	-2.95
187.75	-3.02
188.138	-3.28
188.525	-3.97
188.912	-3.89
189.299	-3.48
189.686	-3.67
190.073	-3.03
190.46	-2.75
190.847	-3.57
191.234	-3.43
191.621	-3.57
192.007	-3.64
192.394	-3.56
192.781	-3.97
193.168	-3.84
193.554	-3.69
193.941	-3.97
194.328	-3.97
194.714	-3.34
195.101	-3.41
195.487	-3.69
195.874	-3.56
196.26	-3.08
196.646	-3.51
197.033	-3.16
197.419	-3.51
197.805	-3.44
198.191	-3.44
198.578	-4.02
198.964	-4.16
199.35	-3.95
199.736	-4.16
200.122	-4.23
200.508	-3.54
200.894	-3
201.28	-3.07
201.666	-3
202.052	-3
202.437	-3.49
202.823	-3.98
203.209	-3.79
203.595	-4.07
203.98	-4.13
204.366	-3.38
204.751	-3.66
205.137	-4.41
205.522	-3.77
205.908	-4.05
206.293	-4.33
206.679	-4.74
207.064	-5.25
207.449	-5.74
207.835	-5.31
208.22	-4.97
208.605	-4.97
208.99	-4.75
209.375	-5.1
209.76	-4.2
210.146	-4.2
210.531	-3.43
210.916	-3.57
211.3	-3.93
211.685	-3.46
212.07	-2.28
212.455	-2.9
212.84	-2.62
213.225	-2.56
213.609	-2.97
213.994	-3.1
214.379	-2.56
214.763	-2.7
215.148	-2.97
215.532	-3.25
215.917	-2.62
216.301	-2
216.686	-2.28
217.07	-2.15
217.454	-2.08
217.839	-2.64
218.223	-3.26
218.607	-2.84
218.991	-2.3
219.375	-1.79
219.76	-2.05
220.144	-2.18
220.528	-2.1
220.912	-1.89
221.296	-1.67
221.68	-1.52
222.063	-1.25
222.447	-1.31
222.831	-0.75
223.215	-0.7
223.599	-0.28
223.982	-0.28
224.366	-0.34
224.749	-0.2
225.133	-0.54
225.517	0.15
225.9	0.56
226.284	0.98
226.667	0.49
227.05	0.15
227.434	0.49
227.817	0.02
228.2	0.36
228.583	1.26
228.967	1.54
229.35	1.61
229.733	2.08
230.116	2.85
230.499	3.07
230.882	3.34
231.265	3.41
231.648	3.21
232.031	3.07
232.414	3.2
232.796	3.18
233.179	2.9
233.562	3.05
233.945	2.34
234.327	2.36
234.71	2.72
235.092	2.89
235.475	2.61
235.858	3.57
236.24	3.3
236.622	3.43
237.005	3.69
237.387	3.67
237.769	4.16
238.152	4.59
238.534	5.43
238.916	5.85
239.298	5.85
239.68	5.64
240.062	6.07
240.444	6.69
240.826	7.31
241.208	8.16
241.59	8.66
241.972	8.51
242.354	8.1
242.736	7.46
243.118	7.39
243.499	7.74
243.881	7.66
244.263	8
244.644	7.3
245.026	7.49
245.407	7.51
245.789	7.64
246.17	6.93
246.552	6.74
246.933	6.82
247.315	6.82
247.696	6.82
248.077	6.61
248.458	6.95
248.839	6.75
249.221	6.49
249.602	6.56
249.983	6.77
250.364	6.79
250.745	6.79
251.126	6.72
251.507	6.52
251.888	6.03
252.268	5.39
252.649	5.61
253.03	5.05
253.411	4.7
253.791	4.64
254.172	4.57
254.553	4.79
254.933	4.85
255.314	5.21
255.694	5.02
256.075	5.02
256.455	4.66
256.835	4.36
257.216	4.23
257.596	4.3
257.976	3.74
258.356	3.44
258.737	3.51
259.117	3.02
259.497	3.02
259.877	3.36
260.257	3.51
260.637	3.46
261.017	3.2
261.397	2.92
261.777	2.64
262.156	2.56
262.536	2.07
262.916	2.05
263.296	1.75
263.675	1.13
264.055	0.36
264.434	0.36
264.814	0.15
265.194	-0.21
265.573	0
265.952	-0.34
266.332	-0.21
266.711	-0.69
267.09	-1.05
267.47	-1.39
267.849	-0.9
268.228	-1.25
268.607	-1.03
268.986	-1.23
269.365	-0.8
269.744	-0.44
270.123	-0.52
270.502	-0.3
270.881	-0.38
271.26	-0.18
271.639	0.11
272.018	-0.25
272.397	-0.46
272.775	-0.66
273.154	-0.64
273.533	0.11
273.911	0.18
274.29	0.31
274.668	0.51
275.047	0.93
275.425	1.43
275.804	1.43
276.182	1.3
276.56	1.79
276.939	1.38
277.317	1.16
277.695	0.89
278.073	1.08
278.451	0.67
278.829	1.1
279.207	1.03
279.585	1.39
279.963	1.82
280.341	2.16
280.719	2.51
281.097	2.98
281.475	2.9
281.853	2.62
282.23	2.43
282.608	2.51
282.986	2.18
283.363	1.89
283.741	2.15
284.118	2.21
284.496	2
284.873	1.79
285.251	1.92
285.628	2.21
286.005	2.15
286.383	2.23
286.76	2.51
287.137	2.79
287.514	2.77
287.891	3.05
288.268	3.2
288.646	3.11
289.023	3.52
289.4	3.52
289.776	3.79
290.153	3.59
290.53	3.72
290.907	3.87
291.284	4
291.66	3.43
292.037	3.49
292.414	3.28
292.79	2.98
293.167	2.36
293.543	2.48
293.92	2.28
294.296	2.02
294.673	1.64
295.049	1.64
295.426	1.43
295.802	1.41
296.178	1.48
296.554	1.2
296.93	1.28
297.307	1.08
297.683	0.87
298.059	0.72
298.435	0.51
298.811	0.66
299.187	1.49
299.562	0.44
299.938	0.79
300.314	1.2
300.69	1.34
301.066	1.49
301.441	1.82
301.817	1.82
302.192	2.11
302.568	1.64
302.944	0.8
303.319	0.8
303.694	0.74
304.07	0.54
304.445	1.05
304.821	0.98
305.196	1.26
305.571	1.26
305.946	1.05
306.321	1.28
306.696	0.79
307.072	0.43
307.447	0.15
307.822	0.43
308.197	0.3
308.571	0.21
308.946	0.57
309.321	0.64
309.696	0.3
310.071	0.66
310.445	0.72
310.82	0.38
311.195	0.39
311.569	0.28
311.944	0.79
312.318	0.57
312.693	1
313.067	1.28
313.442	1.43
313.816	1.48
314.19	1.54
314.565	2.39
314.939	2.33
315.313	2.2
315.687	2.28
316.061	3.11
316.435	2.7
316.809	2.7
317.183	2.92
317.557	3
317.931	3.23
318.305	3.85
318.679	3.85
319.052	4.2
319.426	4.13
319.8	4
320.174	3.85
320.547	3.85
320.921	3.85
321.294	3.79
321.668	3.84
322.041	3.28
322.415	3.97
322.788	4.03
323.161	3.97
323.535	3.82
323.908	3.67
324.281	3.75
324.654	3.38
325.027	3.08
325.4	2.93
325.773	3.43
326.146	3.7
326.519	3.75
326.892	4.38
327.265	3.93
327.638	4.07
328.011	4.69
328.383	4.74
328.756	4.93
329.129	4.51
329.501	4.87
329.874	5.36
330.247	5.98
330.619	6.13
330.991	6.48
331.364	6.34
331.736	5.72
332.109	6.21
332.481	6.43
332.853	5.95
333.225	6.03
333.598	6.23
333.97	6.15
334.342	6.28
334.714	5.56
335.086	5.85
335.458	5.85
335.83	5.85
336.202	5.77
336.573	5.85
336.945	6.07
337.317	6.13
337.689	6.2
338.06	6.39
338.432	6.67
338.804	6.38
339.175	6.44
339.547	6.92
339.918	6.9
340.29	6.9
340.661	6.67
341.032	6.33
341.404	6.82
341.775	6.75
342.146	6.75
342.517	6.31
342.888	6.72
343.259	6.3
343.63	6.23
344.001	6.66
344.372	6.39
344.743	6.69
345.114	7.25
345.485	7.31
345.856	7.25
346.227	7.18
346.597	6.92
346.968	6.85
347.339	7.02
347.709	7.23
348.08	7.51
348.45	7.51
348.821	7.31
349.191	7.33
349.562	6.9
349.932	6.98
350.302	6.98
350.673	6.36
351.043	6.16
351.413	5.61
351.783	5.97
352.153	6.03
352.523	5.54
352.893	5.41
353.263	5.34
353.633	5.2
354.003	4.98
354.373	5.18
354.743	4.77
355.112	4.97
355.482	5.3
355.852	5.64
356.221	5.51
356.591	5.79
356.961	5.57
357.33	5.79
357.7	5.79
358.069	5.72
358.438	5.51
358.808	5.93
359.177	5.52
359.546	5.25
359.915	4.61
360.285	4.69
360.654	4.49
361.023	4.34
361.392	3.87
361.761	3.74
362.13	2.62
362.499	2.7
362.868	3.05
363.236	3.48
363.605	3.67
363.974	2.84
364.343	2.9
364.711	3.18
365.08	3.97
365.449	3.64
365.817	4.34
366.186	4.05
366.554	3.41
366.922	3.34
367.291	3.39
367.659	2.9
368.027	2.84
368.396	3.33
368.764	3.39
369.132	3.95
369.5	3.74
369.868	4.02
370.236	4.16
370.604	4.38
370.972	4.38
371.34	3.82
371.708	3.39
372.076	3.2
372.443	3.34
372.811	3.41
373.179	3.56
373.547	3.77
373.914	4.28
374.282	4.13
374.649	3.92
375.017	4.28
375.384	4.34
375.752	3.7
376.119	3.57
376.486	3.51
376.853	3.44
377.221	2.95
377.588	2.33
377.955	1.79
378.322	1.1
378.689	0.75
379.056	0.34
379.423	0.28
379.79	-0.13
380.157	0
380.524	0.13
380.891	0.21
381.257	-0.13
381.624	-0.34
381.991	0.16
382.357	0.44
382.724	0.44
383.09	0.85
383.457	1.34
383.823	1.61
384.19	1.8
384.556	2.44
384.923	2.51
385.289	2.1
385.655	2.16
386.021	2.66
386.387	2.38
386.754	2.1
387.12	1.67
387.486	1.11
387.852	1.52
388.218	1.74
388.583	2.08
388.949	2.57
389.315	2.69
389.681	2.41
390.047	2
390.412	2
390.778	1.36
391.144	1.3
391.509	1.16
391.875	1.08
392.24	0.51
392.605	0.15
392.971	0
393.336	-0.36
393.702	0.18
394.067	0.46
394.432	0.82
394.797	0.67
395.162	0.67
395.527	0.31
395.892	0.03
396.257	-0.33
396.622	-0.05
396.987	-0.11
397.352	-0.48
397.717	-0.75
398.082	-0.2
398.446	0.23
398.811	0.15
399.176	0.15
399.54	0.56
399.905	0.77
400.269	0.97
400.634	0.69
400.998	1.31
401.363	1.44
401.727	1.79
402.091	2.07
402.456	1.44
402.82	1.31
403.184	1.44
403.548	1.52
403.912	2.02
404.276	1.52
404.64	1.31
405.004	1.08
405.368	1.16
405.732	1.16
406.096	1.25
406.46	1.33
406.823	1.05
407.187	0.62
407.551	0.77
407.914	0.56
408.278	0.3
408.641	0.84
409.005	0.21
409.368	0.34
409.732	0.82
410.095	0.54
410.458	-0.03
410.822	-0.03
411.185	-0.59
411.548	-0.85
411.911	-0.49
412.274	-0.13
412.637	0.23
413	0.25
413.363	0.23
413.726	-0.41
414.089	-0.48
414.452	-0.39
414.815	-0.33
415.177	-0.39
415.54	-0.11
415.903	-0.67
416.265	-0.25
416.628	-0.75
416.99	-1.02
417.353	-1.08
417.715	-0.8
418.078	-0.74
418.44	-0.46
418.802	-1.08
419.165	-1
419.527	-0.85
419.889	-0.72
420.251	-0.66
420.613	-1.3
420.975	-1.08
421.337	-0.67
421.699	-1.31
422.061	-0.75
422.423	-0.74
422.785	-0.33
423.147	-0.67
423.508	-0.39
423.87	-0.48
424.232	-0.26
424.593	0.36
424.955	0.21
425.316	0.7
425.678	0.56
426.039	0.2
426.401	0.89
426.762	1.16
427.123	1.31
427.484	1.51
427.846	1.1
428.207	0.75
428.568	0.67
428.929	0.74
429.29	1.02
429.651	0.59
430.012	0.46
430.373	1.02
430.734	1.38
431.095	2.41
431.455	2.49
431.816	1.93
432.177	2.07
432.537	2.3
432.898	2.16
433.258	2.64
433.619	3.34
433.979	3.62
434.34	3.39
434.7	2.82
435.06	3.23
435.421	3.31
435.781	3.74
436.141	3.82
436.501	3.82
436.861	3.62
437.221	3.69
437.581	3.56
437.941	4.48
438.301	3.98
438.661	4.18
439.021	4.59
439.381	4.46
439.741	4.33
440.1	4.33
440.46	4.39
440.82	4.89
441.179	5.08
441.539	4.8
441.898	4.48
442.258	4.07
442.617	4.21
442.976	4.15
443.336	4.23
443.695	5.36
444.054	5.15
444.413	5.13
444.772	5.2
445.131	5.26
445.49	5.11
445.849	4.77
446.208	4.69
446.567	4.39
446.926	4.33
447.285	4.11
447.644	3.77
448.002	4.34
448.361	3.77
448.72	3.56
449.078	3.7
449.437	2.79
449.795	2.57
450.154	2.51
450.512	2.38
450.87	2.66
451.229	2.95
451.587	3.36
451.945	3.23
452.303	2.23
452.662	2.66
453.02	1.97
453.378	2.18
453.736	2.74
454.094	2.82
454.452	2.59
454.809	2.8
455.167	2.97
455.525	2.89
455.883	2.03
456.241	2.25
456.598	2.67
456.956	2.33
457.313	2.52
457.671	2.31
458.028	2.74
458.386	3.08
458.743	3.43
459.1	3.77
459.458	4.33
459.815	3.97
460.172	3.82
460.529	3.84
460.886	3.84
461.243	4.03
461.6	4.03
461.957	4.1
462.314	4.31
462.671	4.1
463.028	4.16
463.385	4.57
463.742	5.05
464.098	4.62
464.455	4.75
464.812	4.97
465.168	4.69
465.525	4.2
465.881	3.36
466.237	3.38
466.594	3.25
466.95	3.18
467.306	2.98
467.663	2.98
468.019	2.92
468.375	3.07
468.731	3.43
469.087	3.62
469.443	3.97
469.799	3.48
470.155	3.41
470.511	3.36
470.867	3.28
471.223	3.36
471.578	3.21
471.934	3.21
472.29	3.56
472.645	3.7
473.001	3.43
473.356	3.21
473.712	2.85
474.067	3.15
474.423	2.46
474.778	2.52
475.133	2.44
475.489	2.23
475.844	1.8
476.199	2.23
476.554	2.23
476.909	2.36
477.264	1.52
477.619	1.46
477.974	1.18
478.329	0.97
478.684	1.03
479.039	1.2
479.393	1.13
479.748	0.9
480.103	0.9
480.457	0.9
480.812	0.62
481.166	0.57
481.521	0.21
481.875	0.3
482.23	-0.05
482.584	0.21
482.938	0.15
483.293	0.08
483.647	0.36
484.001	-0.33
484.355	-0.62
484.709	-1.11
485.063	-1.26
485.417	-1.41
485.771	-0.92
486.125	-0.98
486.479	-1.07
486.832	-0.87
487.186	-1.02
487.54	0.03
487.894	-0.89
488.247	-0.95
488.601	-1.02
488.954	-0.67
489.308	-0.74
489.661	-0.95
490.014	-1.16
490.368	-1.74
490.721	-2.28
491.074	-1.92
491.427	-1.79
491.781	-1.92
492.134	-1.44
492.487	-1.51
492.84	-0.87
493.193	-0.87
493.546	-0.95
493.898	-0.93
494.251	-1.08
494.604	-0.8
494.957	-0.46
495.309	-0.11
495.662	-0.48
496.015	-0.43
496.367	-0.07
496.72	-0.26
497.072	0.1
497.425	0.52
497.777	0.11
498.129	-0.1
498.482	-0.89
498.834	-0.67
499.186	-0.59
499.538	-0.23
499.89	-0.23
500.242	-0.23
500.594	-0.61
500.946	-1.1
501.298	-1.1
501.65	-1.52
502.002	-1.8
502.353	-1.67
502.705	-1.69
503.057	-1.39
503.408	-1.2
503.76	-1.21
504.111	-1.41
504.463	-1.33
504.814	-1.48
505.166	-1.54
505.517	-0.79
505.868	-0.79
506.22	-0.84
506.571	-0.54
506.922	-0.89
507.273	-0.61
507.624	-0.74
507.975	-1.02
508.326	-1.28
508.677	-1.49
509.028	-1.9
509.379	-0.92
509.73	-0.85
510.08	-0.72
510.431	-0.79
510.782	-0.15
511.132	0.69
511.483	0.9
511.833	0.69
512.184	1.16
512.534	1.15
512.885	1.36
513.235	1.36
513.585	0.74
513.935	0.59
514.286	0.36
514.636	0.64
514.986	1.2
515.336	1.03
515.686	0.39
516.036	0.31
516.386	0.48
516.735	0.84
517.085	1.33
517.435	1.2
517.785	1.18
518.134	1.38
518.484	0.95
518.834	0.25
519.183	0.25
519.533	0.11
519.882	0.39
520.231	0.26
520.581	0.18
520.93	0.1
521.279	0.31
521.628	0.95
521.978	1.38
522.327	1.93
522.676	2
523.025	2.57
523.374	3.07
523.723	3.49
524.071	2.8
524.42	3.02
524.769	3.02
525.118	3.25
525.466	2.9
525.815	2.82
526.164	3.51
526.512	3.72
526.861	3.16
527.209	3.39
527.557	3.25
527.906	2.97
528.254	3.26
528.602	2.77
528.951	3.11
529.299	3.48
529.647	4.02
529.995	4.38
530.343	4.3
530.691	4.21
531.039	4.64
531.387	4.64
531.735	4.49
532.082	4.34
532.43	4.08
532.778	4.21
533.125	4.98
533.473	5.13
533.82	4.85
534.168	4.77
534.515	5.13
534.863	5.34
535.21	5.07
535.557	5.69
535.905	5.69
536.252	5.77
536.599	5.51
536.946	6.44
537.293	6.23
537.64	6.15
537.987	6.15
538.334	6.44
538.681	6.44
539.028	6.59
539.375	6.87
539.721	6.87
540.068	8.13
540.415	8.33
540.761	8.18
541.108	8.33
541.454	8.95
541.801	9.38
542.147	9.25
542.494	9.18
542.84	8.18
543.186	7.7
543.532	7.77
543.879	7.84
544.225	7.69
544.571	7.69
544.917	6.85
545.263	7.61
545.609	7.46
545.955	7.41
546.3	7.39
546.646	7.46
546.992	7.33
547.338	6.98
547.683	6.3
548.029	6.51
548.374	6.56
548.72	6.98
549.065	7.05
549.411	6.89
549.756	7.18
550.101	6.97
550.447	6.67
550.792	5.92
551.137	6.13
551.482	6.34
551.827	6.7
552.172	6.13
552.517	6.28
552.862	6.49
553.207	6.41
553.552	6.11
553.897	5.51
554.241	4.89
554.586	4.54
554.931	4.54
555.275	4.34
555.62	3.98
555.964	3.7
556.309	4.26
556.653	3.51
556.998	3.08
557.342	2.79
557.686	3.07
558.03	3.05
558.375	2.64
558.719	2.28
559.063	2.13
559.407	1.64
559.751	1.51
560.095	1.3
560.438	1.03
560.782	1.46
561.126	0.89
561.47	1.03
561.813	1.52
562.157	1.82
562.501	1.89
562.844	1.95
563.188	2.7
563.531	3.18
563.875	4.72
564.218	5.49
564.561	6.75
564.904	8.52
565.248	9.79
565.591	10.77
565.934	12.38
566.277	14.21
566.62	16.93
566.963	19.51
567.306	22.23
567.649	25.51
567.991	28.79
568.334	32.08
568.677	36
569.02	40.33
569.362	44.8
569.705	49.07
570.047	54.44
570.39	59.7
570.732	65.7
571.074	72.07
571.417	78.51
571.759	85.36
572.101	92.15
572.443	98.59
572.786	105.79
573.128	113.9
573.47	122.23
573.812	130.9
574.154	140.49
574.496	150.15
574.837	160.7
575.179	171.82
575.521	183.02
575.863	193.38
576.204	204.79
576.546	217.1
576.887	229.54
577.229	241.85
577.57	253.67
577.912	266.41
578.253	280.2
578.594	293.28
578.936	306.57
579.277	321.2
579.618	335.07
579.959	347.87
580.3	362.69
580.641	378.07
580.982	393.67
581.323	408.3
581.664	422.77
582.005	437.82
582.346	453.15
582.686	469.16
583.027	484.41
583.368	499.18
583.708	513.79
584.049	529.05
584.389	543.39
584.73	557.74
585.07	572.64
585.41	586.48
585.75	599.82
586.091	613.39
586.431	626.54
586.771	639.34
587.111	651.21
587.451	662.64
587.791	673.07
588.131	684.21
588.471	693.72
588.811	702.89
589.151	712.66
589.49	721.31
589.83	728.16
590.17	734.97
590.509	742.57
590.849	747.97
591.188	753.69
591.528	758.03
591.867	762.1
592.206	765.46
592.546	767.77
592.885	768.89
593.224	770.28
593.563	770.69
593.902	770.49
594.242	770.05
594.581	768.38
594.919	765.51
595.258	762.3
595.597	758.03
595.936	753
596.275	746.77
596.613	741.59
596.952	736.11
597.291	728.49
597.629	720.67
597.968	712.08
598.306	704.59
598.645	695.92
598.983	685.56
599.321	675.82
599.66	664.97
599.998	653.43
600.336	642.08
600.674	632.02
601.012	619.7
601.35	606.21
601.688	592.08
602.026	578.84
602.364	565.48
602.702	551.62
603.04	537.41
603.377	522.1
603.715	507.54
604.053	493.18
604.39	478.79
604.728	463.82
605.065	449.13
605.403	433.97
605.74	418.84
606.077	404.08
606.415	388.9
606.752	374.08
607.089	360.1
607.426	345.7
607.763	331.59
608.1	317.31
608.437	304.02
608.774	290.02
609.111	277.57
609.448	265.13
609.785	252.2
610.121	239.75
610.458	228.93
610.795	217.52
611.131	205.43
611.468	195.08
611.804	184.33
612.141	174.16
612.477	163.82
612.813	154.44
613.15	145.7
613.486	137.33
613.822	129.13
614.158	121.46
614.494	114.03
614.83	106
615.166	98.64
615.502	92
615.838	85.36
616.174	78.84
616.51	72.67
616.845	67.13
617.181	61.95
617.517	56.15
617.852	51.67
618.188	47.33
618.523	43.75
618.859	39.3
619.194	35.44
619.529	32.51
619.865	29.1
620.2	26.59
620.535	23.64
620.87	21.26
621.205	18.95
621.54	16.57
621.875	14.82
622.21	13.69
622.545	12.23
622.88	10.41
623.215	9.23
623.549	7.75
623.884	7.05
624.219	5.85
624.553	4.89
624.888	4.11
625.222	3.13
625.557	2.08
625.891	1.44
626.225	0.62
626.56	0.07
626.894	-0.21
627.228	-0.85
627.562	-1.36
627.896	-1.44
628.23	-1.1
628.564	-1.25
628.898	-1.23
629.232	-0.75
629.566	-1.16
629.9	-0.84
630.233	-1.38
630.567	-1.44
630.901	-1.87
631.234	-1.8
631.568	-1.72
631.901	-2.43
632.235	-2.79
632.568	-2.84
632.901	-2.92
633.235	-2.98
633.568	-3.41
633.901	-3.08
634.234	-2.95
634.567	-3.1
634.9	-3.3
635.233	-3.51
635.566	-3.64
635.899	-3.36
636.232	-3.23
636.565	-2.03
636.897	-2.03
637.23	-1.67
637.563	-1.26
637.895	-1.52
638.228	-0.77
638.56	-0.51
638.893	-0.66
639.225	-0.18
639.557	-0.03
639.89	-0.57
640.222	-0.66
640.554	-0.8
640.886	-0.51
641.218	-0.85
641.55	-1.34
641.882	-1.13
642.214	-1.34
642.546	-1.82
642.878	-2.16
643.209	-1.89
643.541	-1.89
643.873	-1.95
644.204	-2.16
644.536	-2.51
644.867	-2.31
645.199	-1.69
645.53	-1.82
645.862	-1.05
646.193	-1.11
646.524	-0.49
646.855	-0.13
647.186	-0.33
647.517	0.16
647.849	0.46
648.18	0.52
648.51	0.31
648.841	1.02
649.172	1.64
649.503	1.03
649.834	1.1
650.164	0.48
650.495	0.74
650.826	0.67
651.156	0.74
651.487	0.95
651.817	1.08
652.147	1.23
652.478	1.38
652.808	1.38
653.138	1.44
653.468	1.3
653.799	1.72
654.129	1.59
654.459	1.26
654.789	0.84
655.119	0.69
655.448	0.75
655.778	1.03
656.108	1.03
656.438	0.89
656.767	0.48
657.097	0.84
657.426	1.33
657.756	1.26
658.085	1.89
658.415	1.07
658.744	1.08
659.074	1.08
659.403	0.67
659.732	0.8
660.061	0.87
660.39	0.67
660.719	0.2
661.048	-0.03
661.377	0.25
661.706	0.25
662.035	0.18
662.364	0.54
662.692	0.89
663.021	1.02
663.35	1.08
663.678	0.93
664.007	0.8
664.335	1.02
664.664	1.85
664.992	2.15
665.321	2.15
665.649	2.64
665.977	2.93
666.305	2.92
666.633	3.07
666.961	3.2
667.289	3.48
667.617	2.98
667.945	2.43
668.273	3.07
668.601	3.13
668.929	2.36
669.256	1.93
669.584	2
669.912	2.07
670.239	2.56
670.567	2.21
670.894	2.34
671.222	2.34
671.549	2.57
671.876	2.43
672.203	2.34
672.531	2.97
672.858	2.97
673.185	3.54
673.512	2.98
673.839	2.84
674.166	3.54
674.493	3.82
674.819	3.89
675.146	3.75
675.473	3.75
675.8	3.98
676.126	3.77
676.453	4.69
676.779	4.75
677.106	5.1
677.432	4.75
677.759	4.21
678.085	3.92
678.411	4.13
678.737	4.26
679.064	4.07
679.39	3.7
679.716	4.13
680.042	4.26
680.368	4.67
680.694	5.02
681.019	5.3
681.345	5.02
681.671	5.36
681.997	5.15
682.322	4.79
682.648	4.38
682.973	4.52
683.299	4.74
683.624	4.67
683.95	5.23
684.275	5.36
684.6	4.8
684.925	5.07
685.251	4.93
685.576	4.51
685.901	4.07
686.226	4.08
686.551	3.66
686.876	3.31
687.2	3.66
687.525	4
687.85	3.87
688.175	3.66
688.499	3.16
688.824	3.59
689.148	3.74
689.473	3.8
689.797	3.87
690.122	3.39
690.446	3.52
690.77	3.8
691.095	3.74
691.419	3.25
691.743	3.26
692.067	3.75
692.391	3.2
692.715	3.13
693.039	2.08
693.363	2.36
693.686	2.49
694.01	2.07
694.334	2.2
694.658	2.62
694.981	2.54
695.305	2.69
695.628	1.9
695.952	1.69
696.275	0.98
696.598	0.92
696.922	0.21
697.245	-0.57
697.568	-0.38
697.891	0.05
698.214	-0.25
698.537	-0.59
698.86	-0.18
699.183	-0.52
699.506	-1.02
699.829	-1.28
700.151	-1.77
700.474	-1.69
700.797	-1.82
701.119	-1.39
701.442	-1.38
701.764	-1.87
702.087	-1.79
702.409	-1.59
702.732	-1.8
703.054	-2.23
703.376	-2.38
703.698	-2.85
704.02	-2.98
704.342	-3.18
704.664	-3.87
704.986	-4.08
705.308	-4.44
705.63	-4.3
705.952	-4.23
706.274	-4.1
706.595	-3.26
706.917	-4.03
707.239	-4.03
707.56	-3.43
707.882	-3.77
708.203	-3.82
708.525	-3.62
708.846	-3.7
709.167	-3.3
709.488	-3.64
709.81	-3.08
710.131	-3.02
710.452	-3.44
710.773	-2.82
711.094	-2.43
711.415	-2.49
711.735	-2.69
712.056	-2.69
712.377	-3.13
712.698	-2.98
713.018	-2.43
713.339	-2.84
713.659	-3.05
713.98	-3.18
714.3	-3.46
714.621	-3.18
714.941	-2.82
715.261	-2.13
715.581	-2
715.902	-2.62
716.222	-2.98
716.542	-2.33
716.862	-1.62
717.182	-1.77
717.502	-1.9
717.821	-2.39
718.141	-2.2
718.461	-2.54
718.781	-1.77
719.1	-1.9
719.42	-1.49
719.739	-1.43
720.059	-2
720.378	-1.44
720.698	-1.25
721.017	-1.54
721.336	-0.7
721.655	-0.44
721.974	-0.36
722.294	-0.08
722.613	0.34
722.932	0.28
723.251	0.54
723.569	0.33
723.888	1.02
724.207	1.43
724.526	2.2
724.844	2.62
725.163	2.84
725.482	3.05
725.8	3.13
726.119	2.64
726.437	3.13
726.755	3.13
727.074	2.72
727.392	3
727.71	3.28
728.028	2.66
728.346	2.59
728.664	2.74
728.982	2.54
729.3	2.46
729.618	2.61
729.936	2.26
730.254	1.98
730.571	1.51
730.889	1.79
731.206	1.43
731.524	1.34
731.841	1.77
732.159	1.9
732.476	1.43
732.794	1.85
733.111	1.57
733.428	1.51
733.745	1.43
734.062	0.93
734.379	0.92
734.696	-0.03
735.013	-0.1
735.33	0.95
735.647	0.89
735.964	0.79
736.281	0.59
736.597	0.8
736.914	0.31
737.23	1.02
737.547	0.69
737.863	0.61
738.18	0.74
738.496	1.07
738.813	0.92
739.129	0.85
739.445	1.13
739.761	0.51
740.077	0.31
740.393	-0.25
740.709	-0.38
741.025	-1.07
741.341	-1.64
741.657	-1.3
741.973	-1.51
742.288	-1.51
742.604	-1.23
742.92	-1.36
743.235	-1.57
743.551	-2.05
743.866	-2.9
744.181	-3.18
744.497	-3.11
744.812	-2.85
745.127	-2.87
745.442	-2.74
745.757	-2.61
746.073	-2.74
746.388	-2.39
746.702	-2.18
747.017	-1.77
747.332	-1.43
747.647	-1.64
747.962	-2.07
748.276	-1.79
748.591	-1.85
748.906	-1.7
749.22	-0.59
749.535	-0.67
749.849	-0.05
750.163	-0.2
750.478	-0.13
750.792	0.15
751.106	-0.07
751.42	-0.21
751.734	-0.38
752.048	-1.02
752.362	-0.39
752.676	-0.05
752.99	-0.05
753.304	0.03
753.618	-0.72
753.931	0.02
754.245	-0.39
754.558	-0.95
754.872	-0.74
755.186	-0.93
755.499	-0.52
755.812	-0.87
756.126	-0.95
756.439	-0.87
756.752	-0.61
757.065	-0.38
757.378	-0.64
757.691	-0.69
758.004	-0.75
758.317	-0.54
758.63	-0.52
758.943	-0.39
759.256	-0.9
759.568	-0.75
759.881	-0.84
760.194	-0.56
760.506	-0.13
760.819	-0.39
761.131	-0.66
761.444	-0.16
761.756	-0.79
762.068	-0.93
762.38	-1.07
762.693	-1
763.005	-0.77
763.317	-0.64
763.629	-1.26
763.941	-0.97
764.253	-1.31
764.564	-1.93
764.876	-2.15
765.188	-1.8
765.5	-2.23
765.811	-2.74
766.123	-3.44
766.434	-3.72
766.746	-3.31
767.057	-3.08
767.369	-2.89
767.68	-3.23
767.991	-3.23
768.302	-3.79
768.613	-3.7
768.924	-4.41
769.235	-4.41
769.546	-4.48
769.857	-4.89
770.168	-4.95
770.479	-4.95
770.79	-4.79
771.1	-4.21
771.411	-4.7
771.722	-4.92
772.032	-5.05
772.343	-4.84
772.653	-4.57
772.963	-4.77
773.274	-4.49
773.584	-4.51
773.894	-4.44
774.204	-4.87
774.514	-4.87
774.824	-4.03
775.134	-3.75
775.444	-3.9
775.754	-4.11
776.064	-4.33
776.374	-4.48
776.683	-4.77
776.993	-5.39
777.302	-5.18
777.612	-5.26
777.921	-5.26
778.231	-5.31
778.54	-5.1
778.85	-5.44
779.159	-5.3
779.468	-4.8
779.777	-5.08
780.086	-4.67
780.395	-5.3
780.704	-5.49
781.013	-5.62
781.322	-5.84
781.631	-5.62
781.939	-5.7
782.248	-5.77
782.557	-5.34
782.865	-5.77
783.174	-5.41
783.482	-5.26
783.791	-5.11
784.099	-5.48
784.407	-5.33
784.716	-4.82
785.024	-4.26
785.332	-4.33
785.64	-4.87
785.948	-4.95
786.256	-5.23
786.564	-5.02
786.872	-4.8
787.18	-5.28
787.487	-5.77
787.795	-5.2
788.103	-5.13
788.41	-5
788.718	-4.92
789.025	-4.84
789.333	-4.41
789.64	-4.34
789.947	-4.7
790.255	-4.69
790.562	-4.54
790.869	-3.98
791.176	-3.85
791.483	-3.49
791.79	-3.49
792.097	-3.7
792.404	-3.9
792.711	-4.05
793.017	-3.9
793.324	-4.59
793.631	-5.34
793.937	-5.84
794.244	-5.62
794.55	-5.48
794.857	-5.34
795.163	-5.13
795.469	-5.07
795.776	-4.31
796.082	-4.38
796.388	-4.16
796.694	-4.08
797	-3.95
797.306	-3.97
797.612	-3.2
797.918	-3.07
798.224	-3.41
798.529	-3.3
798.835	-3.36
799.141	-3.03
799.446	-2.77
799.752	-2.7
800.057	-2.51
800.363	-2.44
800.668	-2.57
800.973	-2.57
801.278	-2.59
801.584	-2.51
801.889	-2.7
802.194	-2.43
802.499	-2.43
802.804	-2.28
803.109	-1.72
803.413	-1.93
803.718	-2.7
804.023	-2.49
804.328	-2
804.632	-2.08
804.937	-1.8
805.241	-1.67
805.546	-1.67
805.85	-1.41
806.154	-1.75
806.459	-1.97
806.763	-1.97
807.067	-1.75
807.371	-1.28
807.675	-1.3
807.979	-1.08
808.283	-1.15
808.587	-0.74
808.891	-0.67
809.195	-1.03
809.498	-1.31
809.802	-0.82
810.106	-0.95
810.409	-0.52
810.713	0.11
811.016	0.48
811.319	0.34
811.623	0.62
811.926	1.52
812.229	2
812.532	2.57
812.836	2.43
813.139	2.02
813.442	1.95
813.744	2.02
814.047	1.95
814.35	2.1
814.653	2.23
814.956	3.15
815.258	3.07
815.561	3.9
815.863	3.7
816.166	3.21
816.468	3.15
816.771	3.15
817.073	3.23
817.375	3.23
817.677	3.44
817.979	3.52
818.281	4.02
818.583	3.97
818.885	4.66
819.187	4.79
819.489	5.3
819.791	5.15
820.093	5.08
820.394	5.07
820.696	4.92
820.998	5.13
821.299	5.07
821.6	4.72
821.902	4.51
822.203	5.28
822.504	5.62
822.806	5.41
823.107	5.07
823.408	5.34
823.709	5.2
824.01	5.39
824.311	5.67
824.612	6.36
824.913	6.28
825.213	6.08
825.514	6.23
825.815	6.02
826.115	6.25
826.416	5.54
826.716	5.54
827.017	5.62
827.317	5.75
827.617	6.1
827.918	6.16
828.218	5.67
828.518	5.31
828.818	4.97
829.118	4.33
829.418	4.03
829.718	3.75
830.018	3.48
830.318	2.56
830.617	2.26
830.917	1.56
831.217	1.43
831.516	1.62
831.816	1.77
832.115	1.85
832.415	1.85
832.714	2.49
833.013	2.64
833.312	1.64
833.612	2.13
833.911	1.98
834.21	2.39
834.509	2.46
834.808	2.46
835.107	1.9
835.405	1.9
835.704	2.03
836.003	2.2
836.301	2.33
836.6	2.11
836.899	2.39
837.197	1.84
837.495	1.56
837.794	1.26
838.092	1.21
838.39	1.2
838.689	1.28
838.987	1.43
839.285	0.93
839.583	0.92
839.881	0.79
840.179	1.05
840.476	0.77
840.774	0.49
841.072	0.15
841.37	0.44
841.667	-0.31
841.965	-0.51
842.262	-0.64
842.56	-0.7
842.857	-0.97
843.154	-1.38
843.452	-1.46
843.749	-1.33
844.046	-1.25
844.343	-1.2
844.64	-0.92
844.937	-0.79
845.234	-0.57
845.531	-0.56
845.828	-0.82
846.125	-1.08
846.421	-1.44
846.718	-1.1
847.014	-1.1
847.311	-0.82
847.607	-0.75
847.904	0.02
848.2	0.3
848.496	0.52
848.793	0.05
849.089	1.16
849.385	0.95
849.681	0.61
849.977	0.46
850.273	0.31
850.569	0.46
850.865	-0.52
851.16	-0.74
851.456	-0.51
851.752	-0.3
852.047	-1.26
852.343	-1.18
852.638	-1.38
852.934	-1.1
853.229	-0.75
853.524	-0.89
853.82	-1.44
854.115	-1.66
854.41	-1.44
854.705	-0.89
855	-0.97
855.295	-0.95
855.59	-0.59
855.885	-0.59
856.179	-0.18
856.474	0.16
856.769	0.77
857.063	0.77
857.358	1.11
857.652	0.92
857.947	0.77
858.241	0.85
858.536	1.64
858.83	1.92
859.124	2.61
859.418	2.67
859.712	3.36
860.006	3.98
860.3	3.85
860.594	3.57
860.888	3.57
861.182	3.85
861.475	3.72
861.769	3.03
862.063	2.82
862.356	2.41
862.65	2.48
862.943	2.41
863.237	2.26
863.53	2.18
863.823	2.1
864.116	2.23
864.41	2.72
864.703	2.51
864.996	2.79
865.289	2.79
865.582	2.93
865.874	2.59
866.167	2.8
866.46	2.8
866.753	3.15
867.045	2.74
867.338	2.82
867.63	3.3
867.923	3.49
868.215	3.98
868.507	3.92
868.8	3.7
869.092	2.72
869.384	2.98
869.676	2.15
869.968	2.56
870.26	2.26
870.552	2.54
870.844	2.05
871.136	1.75
871.427	1.97
871.719	2.74
872.011	2.72
872.302	2.59
872.594	1.97
872.885	1.77
873.177	1.56
873.468	1.28
873.759	0.85
874.05	0.51
874.342	0.16
874.633	-0.46
874.924	-0.74
875.215	-0.66
875.506	-0.44
875.796	-0.08
876.087	-0.49
876.378	-1.07
876.669	-1
876.959	-1.57
877.25	-1.38
877.54	-1.87
877.831	-2.08
878.121	-1.95
878.412	-1.33
878.702	-1.05
878.992	-0.41
879.282	-0.2
879.572	0.21
879.862	0.28
880.152	0.57
880.442	0.51
880.732	0.59
881.022	0.3
881.312	0.23
881.601	0.47
881.891	0.48
882.18	0.34
882.47	0.52
882.759	0.35
883.049	0.28
883.338	0.29
883.627	0.46
883.917	0.19
884.206	0.46
884.495	0.67
884.784	0.39
885.073	0.67
885.362	0.71
885.65	0.44
885.939	-0.2
886.228	-0.1
886.517	0.34
886.805	1.62
887.094	1.08
887.382	1.23
887.671	1.53
887.959	1.85
888.247	1.5
888.536	2.1
