155.485	-3.42
155.876	-2.75
156.266	-3.06
156.656	-2.97
157.046	-3.14
157.436	-3.06
157.826	-3.32
158.216	-2.79
158.606	-2.62
158.996	-1.82
159.386	-1.27
159.776	-0.95
160.166	-1.23
160.556	-1
160.945	-1.27
161.335	-0.61
161.725	-1.04
162.114	-0.94
162.504	-1.16
162.894	-1.74
163.283	-1.61
163.673	-1.73
164.062	-1.85
164.452	-1.35
164.841	-1.33
165.23	-0.93
165.62	-0.98
166.009	-1.03
166.398	-1.31
166.787	-1.28
167.177	-1.41
167.566	-1.05
167.955	-0.75
168.344	-1.02
168.733	-0.89
169.122	-0.25
169.511	-0.25
169.9	-0.18
170.289	-0.03
170.678	-0.31
171.066	-0.52
171.455	-0.59
171.844	-0.23
172.233	0.05
172.621	-0.08
173.01	-0.72
173.398	-0.59
173.787	-0.25
174.176	-0.79
174.564	-0.51
174.952	-0.44
175.341	-0.79
175.729	-1.13
176.118	-1.49
176.506	-1.7
176.894	-1.44
177.282	-1.16
177.671	-1.51
178.059	-1.3
178.447	-1.16
178.835	-1.25
179.223	-0.97
179.611	-1.26
179.999	-0.84
180.387	-0.56
180.775	-0.62
181.163	-0.75
181.55	-0.67
181.938	-1.23
182.326	-0.82
182.714	-1.08
183.101	-1.02
183.489	-1.43
183.876	-1.2
184.264	-1.2
184.652	-1.05
185.039	-1.18
185.427	-0.97
185.814	-0.97
186.201	-0.98
186.589	-0.69
186.976	-0.15
187.363	-0.38
187.75	-0.1
188.138	-0.08
188.525	0.05
188.912	0.11
189.299	0.18
189.686	0.1
190.073	0.72
190.46	0.72
190.847	0.72
191.234	0.08
191.621	-0.08
192.007	0.05
192.394	-0.23
192.781	-0.72
193.168	-0.52
193.554	-0.8
193.941	-0.67
194.328	-0.25
194.714	0.59
195.101	0.79
195.487	0.77
195.874	0.56
196.26	0.48
196.646	0.92
197.033	1.13
197.419	0.21
197.805	0.69
198.191	1.25
198.578	1.31
198.964	1.52
199.35	1.8
199.736	1.48
200.122	1.48
200.508	1.98
200.894	1.9
201.28	2.82
201.666	2.9
202.052	3.26
202.437	3.84
202.823	3.49
203.209	3.77
203.595	3.84
203.98	3.41
204.366	3.75
204.751	3.97
205.137	4.03
205.522	4.67
205.908	3.98
206.293	3.49
206.679	2.67
207.064	3.03
207.449	2.67
207.835	2.38
208.22	2.51
208.605	1.74
208.99	1.93
209.375	2.15
209.76	2.49
210.146	2.62
210.531	1.85
210.916	2.7
211.3	2.69
211.685	2.54
212.07	2.13
212.455	1.16
212.84	1.38
213.225	1.72
213.609	1.38
213.994	1.38
214.379	1.39
214.763	1.82
215.148	1.9
215.532	2.33
215.917	2.84
216.301	3.31
216.686	2.9
217.07	3.41
217.454	3.9
217.839	3.41
218.223	2.36
218.607	2.57
218.991	2.57
219.375	2.7
219.76	2.92
220.144	2.84
220.528	3.03
220.912	3.74
221.296	3.48
221.68	2.85
222.063	2.98
222.447	2.92
222.831	2.49
223.215	2.69
223.599	2.9
223.982	2.67
224.366	2.62
224.749	2.54
225.133	2.18
225.517	1.82
225.9	1.03
226.284	1.18
226.667	1.03
227.05	0.69
227.434	0.84
227.817	0.84
228.2	0.48
228.583	0.62
228.967	0.11
229.35	0.67
229.733	1.02
230.116	1.56
230.499	1.48
230.882	2.1
231.265	2.67
231.648	3.52
232.031	4.02
232.414	3.87
232.796	3.74
233.179	3.33
233.562	3.8
233.945	3.89
234.327	3.39
234.71	3.48
235.092	2.92
235.475	2.79
235.858	3.7
236.24	3.56
236.622	3.66
237.005	3.87
237.387	3.66
237.769	4.13
238.152	4.41
238.534	4.75
238.916	4.33
239.298	3.62
239.68	3.15
240.062	3.23
240.444	2.93
240.826	2.38
241.208	2.66
241.59	3.21
241.972	2.51
242.354	2.66
242.736	2.59
243.118	2.51
243.499	2.93
243.881	2.59
244.263	2.59
244.644	3.13
245.026	3.48
245.407	3.43
245.789	3.48
246.17	3.54
246.552	3.69
246.933	3.97
247.315	3.69
247.696	4.08
248.077	3.8
248.458	4.23
248.839	4.59
249.221	5.08
249.602	5.34
249.983	4.93
250.364	4.72
250.745	4.59
251.126	4.33
251.507	4.95
251.888	4.51
252.268	4.46
252.649	4.2
253.03	4.13
253.411	3.66
253.791	2.9
254.172	2.54
254.553	2.25
254.933	1.2
255.314	1.2
255.694	1
256.075	0.77
256.455	1.34
256.835	0.72
257.216	0.85
257.596	1.49
257.976	1.62
258.356	2.11
258.737	2.66
259.117	2
259.497	1.87
259.877	1.7
260.257	1.34
260.637	1.77
261.017	1.62
261.397	1.7
261.777	0.93
262.156	0.8
262.536	1.08
262.916	1.08
263.296	2.13
263.675	2
264.055	1.66
264.434	1.72
264.814	1.38
265.194	2.51
265.573	2.64
265.952	2.64
266.332	2.57
266.711	1.93
267.09	2.34
267.47	2
267.849	1.67
268.228	1.74
268.607	1.67
268.986	1.82
269.365	1.98
269.744	2.13
270.123	1.92
270.502	1.79
270.881	1.1
271.26	1.38
271.639	1.44
272.018	1
272.397	1.08
272.775	0.87
273.154	1.62
273.533	2.11
273.911	2.25
274.29	2.1
274.668	1.48
275.047	2.18
275.425	2.72
275.804	2.43
276.182	2.08
276.56	2.07
276.939	1.85
277.317	2.08
277.695	1.95
278.073	1.8
278.451	1.74
278.829	2.3
279.207	2.51
279.585	2.36
279.963	2.85
280.341	2.87
280.719	2.23
281.097	1.95
281.475	2.1
281.853	2.39
282.23	2.9
282.608	2.9
282.986	2.98
283.363	3.28
283.741	2.93
284.118	2.67
284.496	2.31
284.873	2.95
285.251	2.95
285.628	2.39
286.005	2.74
286.383	1.9
286.76	2.25
287.137	2.52
287.514	2.8
287.891	3.08
288.268	2.51
288.646	2.66
289.023	3.07
289.4	3.57
289.776	4.15
290.153	4.23
290.53	3.8
290.907	3.51
291.284	3.44
291.66	3.36
292.037	3.36
292.414	3.64
292.79	3.15
293.167	3.15
293.543	3.43
293.92	3.77
294.296	3.13
294.673	2.85
295.049	3.07
295.426	2.23
295.802	2.44
296.178	2.39
296.554	2.1
296.93	2.03
297.307	2.31
297.683	2.1
298.059	1.61
298.435	1.61
298.811	2.52
299.187	2.8
299.562	3.15
299.938	3.92
300.314	3.9
300.69	3.97
301.066	4.05
301.441	3.69
301.817	3.33
302.192	3.28
302.568	3.41
302.944	2.98
303.319	3.18
303.694	2.97
304.07	3.31
304.445	2.87
304.821	2.85
305.196	2.57
305.571	2.51
305.946	2.51
306.321	2.02
306.696	1.87
307.072	2.28
307.447	2.84
307.822	2.98
308.197	3.61
308.571	4.31
308.946	4.03
309.321	4.02
309.696	3.67
310.071	4
310.445	3.3
310.82	3.08
311.195	2.95
311.569	2.8
311.944	2.39
312.318	1.46
312.693	1.44
313.067	1.44
313.442	2.51
313.816	2.43
314.19	1.66
314.565	1.72
314.939	1.52
315.313	0.87
315.687	1.62
316.061	1.84
316.435	1.26
316.809	1.07
317.183	1.7
317.557	1.79
317.931	1.38
318.305	1.8
318.679	1.39
319.052	0.9
319.426	0.98
319.8	1.13
320.174	1.75
320.547	2.31
320.921	2.8
321.294	2.39
321.668	1.75
322.041	1.69
322.415	1.36
322.788	1.49
323.161	0.93
323.535	0.59
323.908	1
324.281	1.23
324.654	1.03
325.027	0.95
325.4	0.74
325.773	1.1
326.146	0.89
326.519	1.1
326.892	1.03
327.265	1.26
327.638	1.26
328.011	1.41
328.383	1.54
328.756	1.39
329.129	1.8
329.501	1.52
329.874	1.46
330.247	0.9
330.619	0.48
330.991	0.26
331.364	0.33
331.736	0.61
332.109	0.2
332.481	0.39
332.853	0.89
333.225	1.18
333.598	1.25
333.97	1.25
334.342	0.75
334.714	0.46
335.086	0.97
335.458	0.82
335.83	0.18
336.202	-0.05
336.573	0.39
336.945	0.95
337.317	1.57
337.689	1.51
338.06	2.08
338.432	1.74
338.804	1.46
339.175	1.82
339.547	2.08
339.918	1.33
340.29	1.67
340.661	1.75
341.032	1.95
341.404	2.49
341.775	2.21
342.146	2.08
342.517	1.66
342.888	1.18
343.259	1.11
343.63	0.98
344.001	1.61
344.372	1.05
344.743	1.1
345.114	1.66
345.485	1.74
345.856	2.66
346.227	2.87
346.597	2.59
346.968	2.43
347.339	3.26
347.709	2.84
348.08	2.49
348.45	1.93
348.821	2.08
349.191	2.02
349.562	1.89
349.932	1.54
350.302	1
350.673	0.77
351.043	0.77
351.413	0.36
351.783	0.36
352.153	0.85
352.523	0.57
352.893	0.3
353.263	0.15
353.633	-0.2
354.003	-0.07
354.373	-0.48
354.743	0.36
355.112	0.51
355.482	-0.46
355.852	-0.75
356.221	-1.1
356.591	-1.38
356.961	-1.15
357.33	-1.56
357.7	-1.28
358.069	-0.92
358.438	-0.41
358.808	-0.41
359.177	-0.69
359.546	-0.26
359.915	-1.02
360.285	-0.61
360.654	-0.89
361.023	-1.1
361.392	-0.97
361.761	-1.16
362.13	-1.77
362.499	-1.36
362.868	-2.07
363.236	-1.52
363.605	-1.89
363.974	-1.59
364.343	-1.11
364.711	-1.05
365.08	-0.84
365.449	-0.98
365.817	-0.49
366.186	-0.77
366.554	-1.26
366.922	-0.43
367.291	-0.56
367.659	-0.64
368.027	-0.66
368.396	-0.8
368.764	-1.03
369.132	-1.03
369.5	-0.74
369.868	-1.08
370.236	-0.59
370.604	-0.18
370.972	0.57
371.34	0.36
371.708	0.43
372.076	0.7
372.443	0.98
372.811	0.75
373.179	0.84
373.547	0.69
373.914	0.69
374.282	0.49
374.649	0.77
375.017	1.18
375.384	1.52
375.752	1.66
376.119	1.08
376.486	-0.03
376.853	0.38
377.221	-0.2
377.588	-0.34
377.955	-0.28
378.322	-0.41
378.689	-0.2
379.056	0.16
379.423	0.77
379.79	1.41
380.157	1.39
380.524	0.7
380.891	0.7
381.257	1
381.624	1.05
381.991	0.48
382.357	0.61
382.724	-0.16
383.09	-0.1
383.457	0.03
383.823	-0.23
384.19	-0.03
384.556	0.25
384.923	0.02
385.289	0.66
385.655	0.11
386.021	0.62
386.387	-0.36
386.754	-0.92
387.12	-1
387.486	-1.08
387.852	-0.93
388.218	-1.51
388.583	-1.57
388.949	-1.57
389.315	-2.34
389.681	-2.13
390.047	-2.48
390.412	-2.9
390.778	-2.54
391.144	-2.8
391.509	-2.52
391.875	-2.31
392.24	-3.02
392.605	-3.08
392.971	-3.08
393.336	-3.49
393.702	-3.21
394.067	-3.64
394.432	-3.57
394.797	-3.1
395.162	-2.74
395.527	-2.54
395.892	-2.39
396.257	-1.62
396.622	-1.56
396.987	-1.92
397.352	-1.84
397.717	-1.69
398.082	-1.75
398.446	-1.39
398.811	-0.69
399.176	-1.05
399.54	-0.97
399.905	-1.23
400.269	-0.54
400.634	-0.61
400.998	-0.61
401.363	-0.69
401.727	-1.31
402.091	-1.46
402.456	-1.16
402.82	-1.38
403.184	-1.38
403.548	-1.74
403.912	-1.46
404.276	-1.16
404.64	-0.95
405.004	-0.52
405.368	-0.03
405.732	-0.16
406.096	-0.46
406.46	-0.39
406.823	-0.48
407.187	-0.26
407.551	-0.33
407.914	0.3
408.278	0.02
408.641	0.85
409.005	1.49
409.368	1.43
409.732	1.79
410.095	1.43
410.458	1.59
410.822	1.66
411.185	1.46
411.548	1.89
411.911	2.1
412.274	2.87
412.637	3.72
413	3.36
413.363	4.2
413.726	3.98
414.089	3.92
414.452	4.41
414.815	4.48
415.177	4.41
415.54	4.34
415.903	4.07
416.265	4.36
416.628	4.38
416.99	3.82
417.353	3.82
417.715	3.2
418.078	2.98
418.44	2.84
418.802	2.56
419.165	2.56
419.527	2.56
419.889	2.49
420.251	2.64
420.613	3.33
420.975	2.97
421.337	3.05
421.699	3.11
422.061	3.31
422.423	3.2
422.785	3.75
423.147	3.97
423.508	3.97
423.87	4.18
424.232	4.39
424.593	3.75
424.955	4.44
425.316	4.16
425.678	3.95
426.039	3.69
426.401	3.2
426.762	2.92
427.123	3.26
427.484	2.85
427.846	2.79
428.207	3.57
428.568	3.66
428.929	3.93
429.29	4.51
429.651	4.36
430.012	3.79
430.373	3.64
430.734	3.23
431.095	2.8
431.455	3.3
431.816	3.23
432.177	3.16
432.537	2.87
432.898	2.85
433.258	3.2
433.619	3.13
433.979	3
434.34	2.1
434.7	1.33
435.06	1.2
435.421	1.62
435.781	1.84
436.141	2.03
436.501	2.1
436.861	2.33
437.221	2.39
437.581	2.74
437.941	2.39
438.301	2.46
438.661	2.1
439.021	2.02
439.381	2.02
439.741	2.08
440.1	2.3
440.46	1.93
440.82	2.36
441.179	2.57
441.539	2.23
441.898	2.44
442.258	2.46
442.617	1.84
442.976	2.67
443.336	2.67
443.695	2.75
444.054	2.54
444.413	2.74
444.772	2.89
445.131	3.38
445.49	3.16
445.849	3.1
446.208	3.31
446.567	3.59
446.926	3.11
447.285	3.11
447.644	3.26
448.002	3.18
448.361	3.03
448.72	3.02
449.078	2.44
449.437	1.95
449.795	2.21
450.154	1.43
450.512	1.56
450.87	1.36
451.229	1.36
451.587	1.36
451.945	1.66
452.303	0.97
452.662	1.25
453.02	1.67
453.378	1.52
453.736	1.52
454.094	1.8
454.452	2.02
454.809	2.66
455.167	2.59
455.525	3
455.883	3.26
456.241	3.89
456.598	4.44
456.956	3.8
457.313	3.38
457.671	3.44
458.028	4.07
458.386	4
458.743	4.26
459.1	4.13
459.458	3.64
459.815	4.05
460.172	4.11
460.529	4.26
460.886	4.43
461.243	4.28
461.6	4.77
461.957	4.84
462.314	5.05
462.671	5.11
463.028	5.2
463.385	4.92
463.742	4.28
464.098	4.67
464.455	5.23
464.812	4.97
465.168	4.9
465.525	4.61
465.881	4.46
466.237	4.18
466.594	4.1
466.95	3.54
467.306	3.48
467.663	3.82
468.019	4.02
468.375	4.02
468.731	4.08
469.087	4.85
469.443	5.2
469.799	5.62
470.155	5.98
470.511	6.62
470.867	7.07
471.223	7.34
471.578	7.49
471.934	7.84
472.29	7.48
472.645	7.61
473.001	7.67
473.356	7.87
473.712	7.51
474.067	7.36
474.423	6.87
474.778	6.31
475.133	6.46
475.489	6.16
475.844	5.95
476.199	5.89
476.554	5.26
476.909	5.05
477.264	4.98
477.619	4.7
477.974	4.21
478.329	4.28
478.684	4.85
479.039	4.51
479.393	4.16
479.748	3.11
480.103	3.31
480.457	2.77
480.812	2.7
481.166	2.49
481.521	2.62
481.875	2.62
482.23	2.48
482.584	2.33
482.938	2.9
483.293	2.85
483.647	2.93
484.001	2.93
484.355	2.49
484.709	2.54
485.063	2.82
485.417	3.03
485.771	2.9
486.125	2.9
486.479	2.75
486.832	3.1
487.186	3.52
487.54	3.61
487.894	3.33
488.247	3.67
488.601	3.59
488.954	4.43
489.308	4.43
489.661	4.44
490.014	4.38
490.368	4.44
490.721	4.28
491.074	3.85
491.427	4.15
491.781	4.28
492.134	4
492.487	4.07
492.84	3.98
493.193	3.92
493.546	3.79
493.898	4.15
494.251	4.23
494.604	3.39
494.957	3.39
495.309	3.69
495.662	4.44
496.015	4.23
496.367	4.85
496.72	4.23
497.072	4.59
497.425	4.72
497.777	4.72
498.129	4.72
498.482	4.79
498.834	4.43
499.186	4.36
499.538	4.23
499.89	4.03
500.242	4.02
500.594	4.23
500.946	4.08
501.298	3.95
501.65	3.75
502.002	3.67
502.353	3.39
502.705	3.82
503.057	4.05
503.408	4.33
503.76	4.39
504.111	4.18
504.463	3.62
504.814	4.1
505.166	4.3
505.517	3.89
505.868	4.25
506.22	4.05
506.571	4.11
506.922	3.75
507.273	3.48
507.624	2.57
507.975	2.77
508.326	2.84
508.677	2.92
509.028	3.11
509.379	3.18
509.73	2.84
510.08	2.84
510.431	1.72
510.782	1.44
511.132	1.21
511.483	1.21
511.833	1
512.184	0.38
512.534	0.38
512.885	-0.54
513.235	0.1
513.585	0.03
513.935	-0.38
514.286	-0.08
514.636	0.07
514.986	0.49
515.336	-0.15
515.686	0.26
516.036	0.33
516.386	-0.08
516.735	-0.59
517.085	-0.92
517.435	-0.43
517.785	-0.49
518.134	-0.43
518.484	-0.92
518.834	-0.75
519.183	-0.56
519.533	-0.51
519.882	-0.43
520.231	-0.56
520.581	-0.56
520.93	-0.15
521.279	-0.3
521.628	-0.49
521.978	-0.79
522.327	-0.15
522.676	-0.21
523.025	-0.84
523.374	-0.98
523.723	-0.23
524.071	-1.08
524.42	-1.38
524.769	-1.51
525.118	-1.93
525.466	-1.72
525.815	-1.8
526.164	-2.72
526.512	-2.57
526.861	-1.87
527.209	-1.66
527.557	-1.74
527.906	-1.74
528.254	-1.1
528.602	-0.61
528.951	0.44
529.299	0.46
529.647	0.39
529.995	0.59
530.343	0.67
530.691	0.89
531.039	1.1
531.387	1.03
531.735	1.93
532.082	2.28
532.43	2.02
532.778	2.15
533.125	2.36
533.473	2.51
533.82	2.74
534.168	3.3
534.515	2.72
534.863	2.66
535.21	2.85
535.557	2.79
535.905	2.51
536.252	2.1
536.599	2.46
536.946	2.03
537.293	2.8
537.64	3.08
537.987	3.57
538.334	4.33
538.681	4.95
539.028	4.61
539.375	4.61
539.721	5.15
540.068	5.34
540.415	5.43
540.761	5.93
541.108	6
541.454	6.43
541.801	6.7
542.147	6.64
542.494	6.98
542.84	7.18
543.186	7.41
543.532	7.48
543.879	8.59
544.225	9.49
544.571	10
544.917	9.59
545.263	9.67
545.609	9.74
545.955	9.46
546.3	9.33
546.646	9.11
546.992	9.95
547.338	9.95
547.683	9.59
548.029	9.23
548.374	9.59
548.72	9.95
549.065	9.74
549.411	9.25
549.756	8.69
550.101	8.48
550.447	8.26
550.792	7.84
551.137	7.28
551.482	7.34
551.827	6.79
552.172	6.23
552.517	6.49
552.862	6.23
553.207	6.16
553.552	6.3
553.897	6.16
554.241	6.03
554.586	5.97
554.931	6.03
555.275	6.39
555.62	6.48
555.964	6.11
556.309	6.26
556.653	5.84
556.998	6.05
557.342	6.11
557.686	6.11
558.03	6.54
558.375	5.98
558.719	5.97
559.063	5.9
559.407	6.05
559.751	5.43
560.095	6.25
560.438	6.25
560.782	5.7
561.126	5.15
561.47	4.87
561.813	4.74
562.157	5.08
562.501	5.23
562.844	5.1
563.188	5.23
563.531	4.8
563.875	4.89
564.218	4.93
564.561	4.87
564.904	3.89
565.248	3.89
565.591	3.57
565.934	3.72
566.277	4.49
566.62	4.36
566.963	4.43
567.306	4.62
567.649	4.92
567.991	4.3
568.334	4.93
568.677	4.66
569.02	4.87
569.362	4.79
569.705	5
570.047	5.49
570.39	6.05
570.732	6.8
571.074	7.08
571.417	8.07
571.759	8.9
572.101	9.52
572.443	9.82
572.786	10.52
573.128	11.3
573.47	11.67
573.812	11.95
574.154	11.74
574.496	12.02
574.837	12.36
575.179	12.77
575.521	13.33
575.863	13.54
576.204	13.59
576.546	14.07
576.887	14.41
577.229	15.18
577.57	15.93
577.912	16.48
578.253	17.38
578.594	18.07
578.936	18.62
579.277	19.25
579.618	19.9
579.959	20.74
580.3	20.74
580.641	21.3
580.982	21.52
581.323	21.8
581.664	22.21
582.005	23.33
582.346	24.31
582.686	24.87
583.027	24.72
583.368	25.05
583.708	25.18
584.049	25.75
584.389	26.2
584.73	26.18
585.07	26.69
585.41	26.61
585.75	26.97
586.091	27.44
586.431	27.74
586.771	27.59
587.111	27.74
587.451	28.03
587.791	28.52
588.131	28.61
588.471	28.52
588.811	28.59
589.151	28.44
589.49	28.93
589.83	28.93
590.17	28.59
590.509	28.31
590.849	28.38
591.188	28.1
591.528	27.13
591.867	26.3
592.206	25.8
592.546	25.54
592.885	24.64
593.224	24.41
593.563	23.85
593.902	24.2
594.242	24.18
594.581	23.48
594.919	23.28
595.258	23.56
595.597	23.69
595.936	23.75
596.275	23.2
596.613	22.77
596.952	22.64
597.291	21.8
597.629	21.52
597.968	21.1
598.306	20.97
598.645	20.41
598.983	19.3
599.321	18.89
599.66	17.97
599.998	17.2
600.336	16.41
600.674	15.79
601.012	15.72
601.35	15.02
601.688	14.1
602.026	14.23
602.364	14.44
602.702	13.61
603.04	12.69
603.377	11.41
603.715	10.72
604.053	10.31
604.39	9.82
604.728	8.84
605.065	8.41
605.403	7.66
605.74	7.02
606.077	5.84
606.415	5.75
606.752	5.15
607.089	4.66
607.426	4.44
607.763	4.08
608.1	3.64
608.437	3.3
608.774	3.43
609.111	3.64
609.448	3.79
609.785	3.02
610.121	3.03
610.458	2.41
610.795	2.26
611.131	1.77
611.468	0.87
611.804	0.67
612.141	1.23
612.477	1.44
612.813	0.61
613.15	0.39
613.486	0.75
613.822	0.75
614.158	0.8
614.494	0.25
614.83	-0.31
615.166	0.03
615.502	0.1
615.838	-0.59
616.174	-1
616.51	-1.34
616.845	-1
617.181	-0.87
617.517	-1.23
617.852	-0.95
618.188	-0.66
618.523	-1.15
618.859	-1.21
619.194	-1.07
619.529	-0.44
619.865	-0.23
620.2	-0.21
620.535	0.62
620.87	0.34
621.205	0.28
621.54	-0.28
621.875	0.21
622.21	-0.28
622.545	-0.56
622.88	-1.11
623.215	-0.98
623.549	-0.84
623.884	-0.2
624.219	-0.05
624.553	-0.39
624.888	-0.39
625.222	-0.33
625.557	-0.07
625.891	1.07
626.225	0.92
626.56	1.39
626.894	1.48
627.228	1.18
627.562	1.33
627.896	1.67
628.23	2.16
628.564	2.38
628.898	1.87
629.232	1.25
629.566	1.03
629.9	1.46
630.233	2.23
630.567	1.79
630.901	2.07
631.234	2.64
631.568	2.7
631.901	2.84
632.235	3.51
632.568	3.36
632.901	3.7
633.235	3.62
633.568	2.85
633.901	2.77
634.234	3.26
634.567	3.9
634.9	3.77
635.233	4.11
635.566	4.11
635.899	4.31
636.232	4.23
636.565	3.82
636.897	4.1
637.23	3.97
637.563	4.11
637.895	3.64
638.228	3.3
638.56	3.02
638.893	2.95
639.225	2.46
639.557	2.18
639.89	1.84
640.222	1.34
640.554	1.05
640.886	0.3
641.218	0.72
641.55	0.44
641.882	0.21
642.214	-0.26
642.546	0.03
642.878	0.38
643.209	0.38
643.541	0.66
643.873	0.16
644.204	-0.25
644.536	-0.54
644.867	-0.75
645.199	-0.41
645.53	-0.41
645.862	-0.48
646.193	-0.98
646.524	-0.98
646.855	-0.84
647.186	-0.49
647.517	-0.62
647.849	-0.28
648.18	-0.2
648.51	-0.54
648.841	-1.16
649.172	-0.61
649.503	-0.2
649.834	-0.13
650.164	-0.62
650.495	-0.69
650.826	-0.61
651.156	-0.26
651.487	-1.03
651.817	-0.52
652.147	-0.16
652.478	-0.92
652.808	-1.2
653.138	-1.26
653.468	-0.49
653.799	0
654.129	0
654.459	-0.56
654.789	-0.97
655.119	-1.05
655.448	-1.59
655.778	-1.8
656.108	-1.72
656.438	-1.64
656.767	-1.08
657.097	-1.64
657.426	-1.79
657.756	-2.26
658.085	-1.85
658.415	-1.93
658.744	-2.15
659.074	-1.95
659.403	-1.74
659.732	-1.74
660.061	-1.87
660.39	-1.67
660.719	-1.39
661.048	-1.05
661.377	-1.05
661.706	-0.98
662.035	-0.69
662.364	-0.62
662.692	-0.7
663.021	-0.9
663.35	-0.34
663.678	-0.84
664.007	-0.49
664.335	-0.79
664.664	-0.3
664.992	0.48
665.321	0.34
665.649	0.84
665.977	0.7
666.305	0.64
666.633	1.07
666.961	1.26
667.289	0.62
667.617	0.98
667.945	0.77
668.273	0.56
668.601	0.62
668.929	0.98
669.256	0.57
669.584	0.79
669.912	1.07
670.239	1.34
670.567	1.7
670.894	1.92
671.222	1.51
671.549	1.79
671.876	1.56
672.203	1.13
672.531	2.1
672.858	2.39
673.185	2.11
673.512	2.2
673.839	2.41
674.166	2.75
674.493	3.11
674.819	2.69
675.146	2.49
675.473	2.67
675.8	3.08
676.126	3.43
676.453	3.43
676.779	3.3
677.106	3.64
677.432	3.64
677.759	3.92
678.085	3.84
678.411	4.13
678.737	4.48
679.064	4.15
679.39	4.34
679.716	4.49
680.042	4.62
680.368	4.49
680.694	4.57
681.019	4.44
681.345	3.74
681.671	3.52
681.997	2.82
682.322	2.89
682.648	3.31
682.973	3.59
683.299	3.16
683.624	3.74
683.95	4.16
684.275	4.11
684.6	3.77
684.925	2.87
685.251	2.31
685.576	2.03
685.901	2.39
686.226	2.26
686.551	2.26
686.876	2.07
687.2	2.16
687.525	2.08
687.85	2.08
688.175	1.61
688.499	1.54
688.824	1.8
689.148	1.95
689.473	1.48
689.797	1.34
690.122	0.98
690.446	0.7
690.77	0
691.095	0.13
691.419	-0.08
691.743	-0.08
692.067	-0.02
692.391	-0.36
692.715	-0.7
693.039	-0.15
693.363	-0.92
693.686	-1
694.01	-1.34
694.334	-1.98
694.658	-1.64
694.981	-2.07
695.305	-2.13
695.628	-2.41
695.952	-2.82
696.275	-2.41
696.598	-2.21
696.922	-1.93
697.245	-2.21
697.568	-2.3
697.891	-1.85
698.214	-1.36
698.537	-0.74
698.86	-0.97
699.183	-1.16
699.506	-0.95
699.829	-1.08
700.151	-1.02
700.474	-1.23
700.797	-1.57
701.119	-0.93
701.442	-0.93
701.764	0.05
702.087	0.33
702.409	0.31
702.732	-0.05
703.054	0.51
703.376	0.03
703.698	-0.52
704.02	0.1
704.342	0.51
704.664	0.98
704.986	1.39
705.308	1.82
705.63	1.67
705.952	1.95
706.274	1.03
706.595	1.16
706.917	1.51
707.239	1.72
707.56	1.74
707.882	2.21
708.203	2.84
708.525	2.36
708.846	2.9
709.167	3.31
709.488	3.64
709.81	3.44
710.131	3.51
710.452	4.08
710.773	4.02
711.094	3.89
711.415	3.89
711.735	4.38
712.056	4.44
712.377	4.7
712.698	3.66
713.018	3.72
713.339	3.66
713.659	3.66
713.98	4.28
714.3	3.8
714.621	4.77
714.941	4.85
715.261	4.93
715.581	4.51
715.902	3.8
716.222	3.72
716.542	3.44
716.862	3.72
717.182	3.66
717.502	2.59
717.821	1.89
718.141	1.33
718.461	1.75
718.781	2.38
719.1	2.16
719.42	2.3
719.739	2.1
720.059	1.89
720.378	2.16
720.698	1.8
721.017	1.38
721.336	1.03
721.655	0.18
721.974	-0.23
722.294	0
722.613	-0.2
722.932	-0.36
723.251	0.05
723.569	0.11
723.888	-0.57
724.207	-0.79
724.526	-0.28
724.844	-0.43
725.163	-0.84
725.482	-0.7
725.8	0.21
726.119	0.85
726.437	0.48
726.755	0.2
727.074	-0.08
727.392	0.05
727.71	-0.85
728.028	-0.44
728.346	-0.66
728.664	-0.66
728.982	-1.13
729.3	-0.79
729.618	-0.87
729.936	-0.95
730.254	-1.1
730.571	-1.18
730.889	-1.33
731.206	-1.67
731.524	-2.51
731.841	-2.72
732.159	-2.79
732.476	-2.72
732.794	-2.66
733.111	-2.44
733.428	-2.49
733.745	-2.36
734.062	-2.56
734.379	-2.7
734.696	-2.79
735.013	-2.51
735.33	-2.08
735.647	-2.28
735.964	-2.28
736.281	-2.36
736.597	-2.02
736.914	-0.97
737.23	-0.69
737.547	-0.75
737.863	-0.61
738.18	-1.1
738.496	-1.18
738.813	-0.84
739.129	-0.77
739.445	-0.84
739.761	-1.2
740.077	-1.11
740.393	-0.33
740.709	-0.49
741.025	0.08
741.341	0.79
741.657	1.13
741.973	0.85
742.288	0.72
742.604	0.23
742.92	0.23
743.235	0.92
743.551	1.41
743.866	0.49
744.181	0.28
744.497	0.69
744.812	-0.15
745.127	-0.15
745.442	-1.11
745.757	-1.18
746.073	-1.54
746.388	-1.84
746.702	-1.95
747.017	-1.26
747.332	-1.69
747.647	-2.02
747.962	-2.49
748.276	-2.56
748.591	-3.11
748.906	-3.39
749.22	-3.26
749.535	-3.33
749.849	-2.92
750.163	-2.97
750.478	-3.26
750.792	-2.62
751.106	-2.39
751.42	-2.11
751.734	-2.31
752.048	-2.18
752.362	-2.26
752.676	-2.48
752.99	-2.48
753.304	-3.18
753.618	-3.03
753.931	-3.02
754.245	-3.43
754.558	-3.56
754.872	-3.34
755.186	-3.69
755.499	-3.52
755.812	-3.52
756.126	-4.08
756.439	-3.93
756.752	-4.15
757.065	-4.23
757.378	-4.3
757.691	-4.51
758.004	-4.98
758.317	-5.34
758.63	-5.28
758.943	-5.43
759.256	-5.44
759.568	-5.74
759.881	-5.44
760.194	-5.51
760.506	-6.28
760.819	-6.49
761.131	-6.23
761.444	-6.44
761.756	-6.16
762.068	-6.38
762.38	-6.31
762.693	-6.44
763.005	-5.89
763.317	-5.95
763.629	-6.1
763.941	-5.34
764.253	-5.43
764.564	-5.38
764.876	-5.23
765.188	-5.21
765.5	-4.66
765.811	-4.74
766.123	-5.3
766.434	-4.66
766.746	-4.39
767.057	-3.84
767.369	-3.7
767.68	-3.51
767.991	-3.1
768.302	-3.23
768.613	-2.61
768.924	-2.67
769.235	-2.54
769.546	-2.25
769.857	-2.39
770.168	-2.75
770.479	-2.34
770.79	-2.07
771.1	-1.84
771.411	-1.62
771.722	-1.56
772.032	-1.41
772.343	-1.33
772.653	-1.25
772.963	-1.18
773.274	-0.28
773.584	-0.34
773.894	-0.21
774.204	0.34
774.514	0.33
774.824	0.62
775.134	0.85
775.444	0.7
775.754	0.98
776.064	0.92
776.374	0.7
776.683	0.57
776.993	0.43
777.302	0.85
777.612	1.26
777.921	1.33
778.231	1.41
778.54	1.75
778.85	1.82
779.159	2.51
779.468	2.93
779.777	2.38
780.086	2.46
780.395	2.74
780.704	2.95
781.013	2.95
781.322	2.89
781.631	2.8
781.939	3.51
782.248	4.34
782.557	4.49
782.865	4.93
783.174	5.02
783.482	4.95
783.791	5.1
784.099	5.43
784.407	5.15
784.716	5.21
785.024	6.05
785.332	6.05
785.64	5.7
785.948	5.77
786.256	5.64
786.564	5.51
786.872	5.11
787.18	4.75
787.487	4.9
787.795	4.62
788.103	4.62
788.41	4.75
788.718	4.33
789.025	4.52
789.333	4.74
789.64	4.93
789.947	4.38
790.255	4.23
790.562	3.95
790.869	4.02
791.176	4.34
791.483	4.05
791.79	4.11
792.097	3.41
792.404	3.82
792.711	3.26
793.017	3.34
793.324	3.84
793.631	3.13
793.937	3.11
794.244	2.98
794.55	2.98
794.857	2.56
795.163	2.77
795.469	3.34
795.776	3.7
796.082	4.05
796.388	4.26
796.694	4.75
797	4.75
797.306	4.69
797.612	4.15
797.918	3.66
798.224	3.57
798.529	3.7
798.835	3.64
799.141	3.77
799.446	3.7
799.752	4.07
800.057	3.87
800.363	3.8
800.668	3.38
800.973	2.33
801.278	2.33
801.584	1.41
801.889	1.41
802.194	1.34
802.499	1.07
802.804	0.72
803.109	1
803.413	0.44
803.718	-0.39
804.023	-0.54
804.328	-0.54
804.632	-0.48
804.937	-0.54
805.241	-0.97
805.546	-0.28
805.85	0.02
806.154	-0.62
806.459	-1.18
806.763	-1.52
807.067	-1.66
807.371	-1.15
807.675	-1.41
807.979	-1.49
808.283	-1.69
808.587	-2.05
808.891	-2.44
809.195	-1.97
809.498	-1.56
809.802	-1.62
810.106	-1.69
810.409	-1.84
810.713	-1.28
811.016	-1.57
811.319	-1.36
811.623	-1.64
811.926	-2.13
812.229	-1.66
812.532	-1.8
812.836	-1.25
813.139	-1.67
813.442	-1.03
813.744	-0.67
814.047	-0.69
814.35	-1.13
814.653	-1.46
814.956	-1.39
815.258	-1.66
815.561	-2.08
815.863	-2.28
816.166	-2
816.468	-2.13
816.771	-2.07
817.073	-1.79
817.375	-1.79
817.677	-1.57
817.979	-1.7
818.281	-1.92
818.583	-1.72
818.885	-1.51
819.187	-1.64
819.489	-1.57
819.791	-2
820.093	-1.93
820.394	-2.62
820.696	-2.28
820.998	-2.3
821.299	-1.87
821.6	-2.02
821.902	-2.15
822.203	-1.79
822.504	-2.26
822.806	-2.13
823.107	-2.75
823.408	-3.46
823.709	-3.23
824.01	-4.28
824.311	-4.9
824.612	-4.48
824.913	-4.05
825.213	-3.49
825.514	-3.21
825.815	-3.28
826.115	-3.07
826.416	-3.33
826.716	-3.48
827.017	-3.11
827.317	-3.34
827.617	-4.1
827.918	-4.66
828.218	-4.57
828.518	-4.79
828.818	-4.84
829.118	-5.25
829.418	-5.51
829.718	-5.23
830.018	-5.3
830.318	-5.64
830.617	-5.77
830.917	-6.03
831.217	-6.25
831.516	-5.87
831.816	-6.79
832.115	-7.36
832.415	-7.77
832.714	-7.48
833.013	-7.56
833.312	-8.33
833.612	-8
833.911	-7.15
834.21	-7.08
834.509	-6.89
834.808	-7.16
835.107	-7.1
835.405	-7.51
835.704	-7.87
836.003	-8.21
836.301	-8.3
836.6	-8.59
836.899	-8.25
837.197	-8.8
837.495	-8.95
837.794	-8.59
838.092	-8.44
838.39	-8.23
838.689	-7.69
838.987	-7.48
839.285	-7.67
839.583	-7.95
839.881	-8.43
840.179	-7.67
840.476	-7.33
840.774	-6.84
841.072	-6.2
841.37	-6.21
841.667	-5.57
841.965	-5.18
842.262	-4.84
842.56	-4.08
842.857	-4.7
843.154	-4.43
843.452	-4.85
843.749	-4.16
844.046	-4.18
844.343	-4.05
844.64	-3.92
844.937	-3.64
845.234	-3.02
845.531	-2.38
845.828	-2.1
846.125	-1.82
846.421	-1.62
846.718	-1.13
847.014	-0.64
847.311	-0.57
847.607	0.28
847.904	0.15
848.2	0.48
848.496	0.62
848.793	0.07
849.089	0.48
849.385	-0.16
849.681	0.02
849.977	0.44
850.273	0.23
850.569	0.21
850.865	0.56
851.16	0.49
851.456	0.79
851.752	0.87
852.047	0.02
852.343	0.3
852.638	0.3
852.934	0.64
853.229	0.3
853.524	0.51
853.82	0.66
854.115	1.07
854.41	1.2
854.705	1.84
855	1.43
855.295	1.7
855.59	1.62
855.885	1.54
856.179	1.82
856.474	1.89
856.769	1.9
857.063	1.84
857.358	2.25
857.652	2.25
857.947	2.87
858.241	3.23
858.536	2.31
858.83	2.51
859.124	1.74
859.418	1.97
859.712	2.31
860.006	2.48
860.3	2.75
860.594	2.67
860.888	2.8
861.182	3.21
861.475	3.43
861.769	2.67
862.063	2.2
862.356	2.2
862.65	2.13
862.943	2.49
863.237	2.49
863.53	2.56
863.823	2.97
864.116	3.54
864.41	3.41
864.703	3.49
864.996	3.13
865.289	3.43
865.582	2.79
865.874	2.77
866.167	2.84
866.46	2.89
866.753	2.89
867.045	2.82
867.338	3.03
867.63	2.75
867.923	3.39
868.215	4.03
868.507	4.26
868.8	3.57
869.092	3.7
869.384	4.2
869.676	3.72
869.968	4.49
870.26	4.56
870.552	4.41
870.844	4.41
871.136	4.56
871.427	4.48
871.719	4.62
872.011	4.28
872.302	4.49
872.594	3.92
872.885	3.56
873.177	3.28
873.468	3.85
873.759	3.57
874.05	3.57
874.342	3.57
874.633	3.21
874.924	3.21
875.215	3.15
875.506	3.72
875.796	3.72
876.087	2.93
876.378	3.36
876.669	3.1
876.959	3.66
877.25	3.79
877.54	3.64
877.831	3.26
878.121	3.26
878.412	3
878.702	3.56
878.992	3.21
879.282	3.08
879.572	2.93
879.862	2.85
880.152	2.9
880.442	2.95
880.732	2.62
881.022	2.14
881.312	1.88
881.601	1.53
881.891	0.83
882.18	0.85
882.47	0.77
882.759	0.78
883.049	0.44
883.338	0.53
883.627	0.38
883.917	-0.15
884.206	-0.04
884.495	0.42
884.784	0.43
885.073	0.74
885.362	0.88
885.65	0.37
885.939	0.05
886.228	-0.08
886.517	0.58
886.805	0.49
887.094	-0.33
887.382	0
887.671	-0.5
887.959	-1.03
888.247	-0.78
888.536	-0.94
