155.485	-4.13
155.876	-3.72
156.266	-3.61
156.656	-3.65
157.046	-3.91
157.436	-3.81
157.826	-3.7
158.216	-3.26
158.606	-3.41
158.996	-3.32
159.386	-3.24
159.776	-2.98
160.166	-3.12
160.556	-3.23
160.945	-3.44
161.335	-3.48
161.725	-3.85
162.114	-3.23
162.504	-3.33
162.894	-3.36
163.283	-3.53
163.673	-3.71
164.062	-3.55
164.452	-3.48
164.841	-3.35
165.23	-3.21
165.62	-3.16
166.009	-3.17
166.398	-3.34
166.787	-3.35
167.177	-3.57
167.566	-3.28
167.955	-3.2
168.344	-3.2
168.733	-2.98
169.122	-2.98
169.511	-2.56
169.9	-2.85
170.289	-3.26
170.678	-3.39
171.066	-3.75
171.455	-4.03
171.844	-3.89
172.233	-3.46
172.621	-3.61
173.01	-4.1
173.398	-4.52
173.787	-4.25
174.176	-4.39
174.564	-4.26
174.952	-3.98
175.341	-4.33
175.729	-4.89
176.118	-5.52
176.506	-6.15
176.894	-5.52
177.282	-5.31
177.671	-5.51
178.059	-4.95
178.447	-4.39
178.835	-4.54
179.223	-4.7
179.611	-4.85
179.999	-5.13
180.387	-4.77
180.775	-4.21
181.163	-4.41
181.55	-4.41
181.938	-4.69
182.326	-4.41
182.714	-3.85
183.101	-3.64
183.489	-3.84
183.876	-3.69
184.264	-3.34
184.652	-2.77
185.039	-2.75
185.427	-2.41
185.814	-2.69
186.201	-2.98
186.589	-3.03
186.976	-2.69
187.363	-2.9
187.75	-2.56
188.138	-2.26
188.525	-1.9
188.912	-1.62
189.299	-1.2
189.686	-1.07
190.073	-0.36
190.46	-0.3
190.847	0.11
191.234	0.25
191.621	0.38
192.007	0.46
192.394	0.74
192.781	0.66
193.168	0.31
193.554	0.31
193.941	0.95
194.328	1.51
194.714	1.79
195.101	2.69
195.487	2.61
195.874	2.39
196.26	2.67
196.646	2.54
197.033	3.31
197.419	3.16
197.805	3.38
198.191	4.07
198.578	3.85
198.964	4.28
199.35	4.84
199.736	5.26
200.122	5.75
200.508	5.41
200.894	5.56
201.28	6.54
201.666	6.56
202.052	6.77
202.437	7.41
202.823	7.49
203.209	7.64
203.595	8.61
203.98	8.8
204.366	8.46
204.751	8.72
205.137	9
205.522	9.07
205.908	9.15
206.293	8.39
206.679	8.05
207.064	8.48
207.449	8.62
207.835	8.34
208.22	8.13
208.605	8.05
208.99	8.46
209.375	8.44
209.76	8.87
210.146	8.93
210.531	8.85
210.916	9.41
211.3	8.97
211.685	8.67
212.07	8.25
212.455	7
212.84	7.07
213.225	7.41
213.609	7
213.994	7.41
214.379	7.92
214.763	8.05
215.148	8.69
215.532	8.75
215.917	8.28
216.301	9.26
216.686	9.61
217.07	9.84
217.454	9.89
217.839	9.39
218.223	8.92
218.607	8.36
218.991	9
219.375	9.28
219.76	9.21
220.144	9.43
220.528	9.15
220.912	9.64
221.296	9.51
221.68	9.16
222.063	9.3
222.447	9.21
222.831	9.07
223.215	8.85
223.599	8.79
223.982	8.85
224.366	9
224.749	8.21
225.133	8
225.517	7.38
225.9	7.1
226.284	7.16
226.667	7.36
227.05	6.82
227.434	6.41
227.817	7.1
228.2	6.9
228.583	6.98
228.967	7.48
229.35	7.82
229.733	8.08
230.116	8.13
230.499	7.69
230.882	7.69
231.265	7.97
231.648	8.59
232.031	8.67
232.414	8.48
232.796	8.7
233.179	8.98
233.562	9.52
233.945	9.74
234.327	9.89
234.71	9.82
235.092	9.75
235.475	9.84
235.858	11.23
236.24	11.02
236.622	10.97
237.005	10.75
237.387	10.41
237.769	9.77
238.152	10
238.534	10.2
238.916	10.26
239.298	10.46
239.68	9.9
240.062	9.34
240.444	9.67
240.826	9.97
241.208	9.75
241.59	10.16
241.972	9.93
242.354	9.72
242.736	9.59
243.118	9.72
243.499	9.59
243.881	9.59
244.263	9.31
244.644	9.44
245.026	9.52
245.407	9.95
245.789	10.38
246.17	10.16
246.552	10.03
246.933	10.31
247.315	10.38
247.696	10.3
248.077	10.52
248.458	10.8
248.839	11.08
249.221	11.36
249.602	11.7
249.983	11.36
250.364	11.56
250.745	11.49
251.126	10.59
251.507	10.85
251.888	10.49
252.268	10
252.649	9.38
253.03	9.31
253.411	9.67
253.791	9.2
254.172	9.25
254.553	8.75
254.933	8.05
255.314	8.46
255.694	7.97
256.075	7.46
256.455	7.05
256.835	6.7
257.216	6.34
257.596	6.21
257.976	6.15
258.356	6.43
258.737	6.62
259.117	6.13
259.497	5.51
259.877	5.28
260.257	5.34
260.637	5.28
261.017	5.34
261.397	4.79
261.777	3.74
262.156	3.26
262.536	3.26
262.916	3.05
263.296	4.59
263.675	4.26
264.055	3.56
264.434	4.33
264.814	3.85
265.194	4.77
265.573	4.77
265.952	5.05
266.332	4.64
266.711	4.64
267.09	5.11
267.47	4.9
267.849	4.64
268.228	4.56
268.607	3.93
268.986	3.66
269.365	4.02
269.744	4.23
270.123	3.95
270.502	3.46
270.881	3.33
271.26	3.25
271.639	2.89
272.018	2.44
272.397	1.82
272.775	0.98
273.154	0.84
273.533	0.92
273.911	0.79
274.29	0.57
274.668	0.23
275.047	0.23
275.425	0.3
275.804	0.43
276.182	0.49
276.56	0.41
276.939	0.28
277.317	0.3
277.695	0.51
278.073	0.16
278.451	-0.03
278.829	0.8
279.207	1.16
279.585	1.85
279.963	2.21
280.341	2.3
280.719	2.43
281.097	2.79
281.475	2.85
281.853	2.85
282.23	2.92
282.608	3.2
282.986	3.41
283.363	3.33
283.741	3.2
284.118	3.41
284.496	3.75
284.873	4.25
285.251	4.16
285.628	3.75
286.005	3.9
286.383	2.85
286.76	3.26
287.137	3.69
287.514	3.82
287.891	4.3
288.268	3.8
288.646	3.8
289.023	3.44
289.4	4.56
289.776	5.18
290.153	4.7
290.53	4.98
290.907	5.1
291.284	4.75
291.66	4.8
292.037	4.18
292.414	4.52
292.79	4.38
293.167	4.44
293.543	4.66
293.92	4.51
294.296	4.64
294.673	4.66
295.049	5.23
295.426	4.89
295.802	5.23
296.178	5.74
296.554	5.72
296.93	5.79
297.307	6.49
297.683	6.43
298.059	6.56
298.435	6.84
298.811	7.54
299.187	7.77
299.562	7.28
299.938	8.18
300.314	8.18
300.69	8.31
301.066	8.46
301.441	8.23
301.817	7.18
302.192	6.97
302.568	6.84
302.944	6.48
303.319	6.61
303.694	6.13
304.07	6.13
304.445	5.7
304.821	5.56
305.196	5.49
305.571	5.7
305.946	5.7
306.321	5.57
306.696	5.57
307.072	5.57
307.447	6.13
307.822	6.28
308.197	6.48
308.571	6.97
308.946	6.62
309.321	7.25
309.696	6.62
310.071	6.82
310.445	5.92
310.82	5.49
311.195	5
311.569	4.93
311.944	5.28
312.318	4.08
312.693	3.59
313.067	3.87
313.442	4.02
313.816	3.82
314.19	3.89
314.565	4.03
314.939	4.18
315.313	3.48
315.687	3.69
316.061	3.75
316.435	3.9
316.809	4.03
317.183	4.11
317.557	4.18
317.931	3.92
318.305	3.98
318.679	3.57
319.052	3.49
319.426	2.72
319.8	3
320.174	2.66
320.547	2.93
320.921	2.93
321.294	2.66
321.668	2.02
322.041	1.93
322.415	2.08
322.788	1.67
323.161	1.31
323.535	1.31
323.908	1.3
324.281	1.38
324.654	1.87
325.027	2.57
325.4	2.08
325.773	2.23
326.146	2.16
326.519	2.21
326.892	1.66
327.265	1.89
327.638	2.31
328.011	2.39
328.383	2.05
328.756	1.84
329.129	2.46
329.501	2.31
329.874	1.97
330.247	1.48
330.619	1.46
330.991	1.46
331.364	2.08
331.736	2.36
332.109	1.74
332.481	2.08
332.853	2.02
333.225	2.31
333.598	2.59
333.97	3.16
334.342	2.8
334.714	2.93
335.086	3.23
335.458	3.3
335.83	2.93
336.202	2.57
336.573	3.13
336.945	3.48
337.317	3.89
337.689	4.3
338.06	4.23
338.432	3.87
338.804	4.23
339.175	3.89
339.547	3.89
339.918	3.67
340.29	4.02
340.661	3.87
341.032	4
341.404	4.56
341.775	4.28
342.146	4.79
342.517	4.23
342.888	4.44
343.259	4.85
343.63	5.07
344.001	5.21
344.372	5.28
344.743	5.34
345.114	5.7
345.485	6.26
345.856	6.84
346.227	7.05
346.597	7.28
346.968	7.56
347.339	7.75
347.709	6.56
348.08	6.48
348.45	5.98
348.821	6.49
349.191	6.7
349.562	7.39
349.932	7.74
350.302	7.05
350.673	6.9
351.043	7.31
351.413	6.75
351.783	6.89
352.153	7.02
352.523	7.15
352.893	6.66
353.263	6.8
353.633	7.31
354.003	6.89
354.373	6.67
354.743	7.16
355.112	7.1
355.482	6.82
355.852	6.52
356.221	6.2
356.591	5.97
356.961	6.39
357.33	5.64
357.7	6.11
358.069	6.61
358.438	6.82
358.808	6.82
359.177	6.75
359.546	6.69
359.915	6.56
360.285	7.11
360.654	7.41
361.023	7.49
361.392	7.54
361.761	7.46
362.13	8.25
362.499	8.38
362.868	7.89
363.236	8.21
363.605	8.49
363.974	8.9
364.343	9.03
364.711	8.75
365.08	9.25
365.449	9.51
365.817	9.31
366.186	9.25
366.554	9.1
366.922	8.82
367.291	8.74
367.659	9.08
368.027	9
368.396	9.13
368.764	9.13
369.132	8.98
369.5	8.85
369.868	8.87
370.236	9.57
370.604	9.66
370.972	10.15
371.34	9.64
371.708	9.66
372.076	10.02
372.443	9.87
372.811	9.7
373.179	10.13
373.547	10.05
373.914	10.26
374.282	10.13
374.649	10.43
375.017	11.2
375.384	11.61
375.752	11.74
376.119	11.16
376.486	10.54
376.853	10.8
377.221	10.23
377.588	10.49
377.955	10.56
378.322	10.7
378.689	11.52
379.056	11.61
379.423	11.95
379.79	12.23
380.157	11.89
380.524	10.98
380.891	11
381.257	11.49
381.624	10.98
381.991	10.7
382.357	10.43
382.724	9.51
383.09	9.7
383.457	9.84
383.823	9.43
384.19	9.49
384.556	8.85
384.923	8.51
385.289	8.8
385.655	8.75
386.021	8.69
386.387	7.7
386.754	7.36
387.12	7.56
387.486	7.62
387.852	7.43
388.218	7.41
388.583	7.41
388.949	7.54
389.315	7.56
389.681	7.57
390.047	7.15
390.412	6.72
390.778	6.93
391.144	6.66
391.509	6.52
391.875	6.52
392.24	5.82
392.605	6.02
392.971	6
393.336	5.92
393.702	5.79
394.067	5.41
394.432	5.41
394.797	5.26
395.162	5.69
395.527	5.18
395.892	4.84
396.257	5.18
396.622	4.56
396.987	4.48
397.352	3.36
397.717	3.1
398.082	2.48
398.446	2.82
398.811	2.69
399.176	2.84
399.54	2.7
399.905	2.16
400.269	2.23
400.634	2.02
400.998	1.89
401.363	1.8
401.727	0.97
402.091	0.75
402.456	1.25
402.82	1.74
403.184	1.74
403.548	1.61
403.912	2.31
404.276	2.67
404.64	2.74
405.004	2.95
405.368	2.95
405.732	2.74
406.096	2.87
406.46	3.23
406.823	2.67
407.187	2.67
407.551	2.74
407.914	2.46
408.278	3.16
408.641	3.95
409.005	4.66
409.368	4.8
409.732	4.31
410.095	4.1
410.458	3.9
410.822	3.7
411.185	3.59
411.548	3.59
411.911	3.52
412.274	4.02
412.637	4.59
413	4.38
413.363	4.66
413.726	5.07
414.089	4.85
414.452	5.49
414.815	5.02
415.177	5.38
415.54	5.33
415.903	5.46
416.265	5.84
416.628	5.62
416.99	5.64
417.353	5.66
417.715	5.52
418.078	5.67
418.44	5.95
418.802	5.89
419.165	5.74
419.527	6.44
419.889	6.66
420.251	6.87
420.613	7.36
420.975	7.41
421.337	7.13
421.699	7.07
422.061	7.54
422.423	7.21
422.785	7.43
423.147	7.21
423.508	7.23
423.87	7.23
424.232	7.44
424.593	6.95
424.955	7.3
425.316	7.49
425.678	7.34
426.039	6.8
426.401	6.16
426.762	6.03
427.123	6.38
427.484	6.38
427.846	6.66
428.207	6.54
428.568	6.39
428.929	6.87
429.29	7.79
429.651	8
430.012	8.26
430.373	7.49
430.734	7.43
431.095	6.8
431.455	6.93
431.816	7.15
432.177	6.8
432.537	6.67
432.898	6.72
433.258	7
433.619	7
433.979	6.85
434.34	5.95
434.7	5.46
435.06	5.39
435.421	6.25
435.781	6.11
436.141	6.52
436.501	6.87
436.861	7.23
437.221	6.95
437.581	6.8
437.941	6.39
438.301	6.1
438.661	5.67
439.021	5.38
439.381	5.57
439.741	5.85
440.1	6
440.46	5.31
440.82	5.74
441.179	6.38
441.539	6.16
441.898	6.44
442.258	6.52
442.617	6.03
442.976	6.67
443.336	6.67
443.695	7.02
444.054	6.03
444.413	6.44
444.772	6.51
445.131	6.44
445.49	6.43
445.849	6.7
446.208	6.98
446.567	7.48
446.926	6.98
447.285	6.64
447.644	6.92
448.002	7.05
448.361	7.13
448.72	7.33
449.078	6.49
449.437	5.79
449.795	6
450.154	6.2
450.512	6.13
450.87	6.21
451.229	5.59
451.587	5.72
451.945	5.95
452.303	5.18
452.662	5.38
453.02	5.85
453.378	5.15
453.736	5.36
454.094	5.7
454.452	6.11
454.809	6.46
455.167	6.38
455.525	7
455.883	7.2
456.241	7.82
456.598	8.23
456.956	7.67
457.313	6.74
457.671	6.95
458.028	6.95
458.386	6.39
458.743	6.31
459.1	6.1
459.458	5.67
459.815	6.16
460.172	6.38
460.529	6.61
460.886	6.69
461.243	5.98
461.6	5.77
461.957	6.03
462.314	6.59
462.671	7
463.028	6.8
463.385	6.52
463.742	6.1
464.098	6.08
464.455	6.08
464.812	6.57
465.168	6.64
465.525	6.79
465.881	7.56
466.237	7.56
466.594	7.97
466.95	8.18
467.306	8.26
467.663	8.9
468.019	9.11
468.375	9.05
468.731	8.85
469.087	9.07
469.443	9.34
469.799	9.2
470.155	9.26
470.511	9.54
470.867	10.25
471.223	11.03
471.578	10.82
471.934	10.89
472.29	11.02
472.645	10.74
473.001	11.36
473.356	11.21
473.712	10.98
474.067	11.41
474.423	11.07
474.778	10.52
475.133	10.95
475.489	11.15
475.844	11.49
476.199	11.3
476.554	11.23
476.909	11.44
477.264	11.44
477.619	12.23
477.974	12.31
478.329	12.8
478.684	13.51
479.039	14.79
479.393	15.41
479.748	16.59
480.103	18.46
480.457	19.72
480.812	21.89
481.166	24.2
481.521	26.77
481.875	29.43
482.23	32.21
482.584	36.11
482.938	40.8
483.293	45.51
483.647	49.15
484.001	53.9
484.355	58.23
484.709	63.46
485.063	69.2
485.417	75.36
485.771	82.07
486.125	89
486.479	95.57
486.832	103.9
487.186	112.15
487.54	121.03
487.894	129.51
488.247	139.03
488.601	149.38
488.954	161.69
489.308	173.15
489.661	185.03
490.014	197.97
490.368	212.08
490.721	226.9
491.074	241.16
491.427	257.41
491.781	273.56
492.134	290.9
492.487	307.41
492.84	325.3
493.193	343.62
493.546	362.38
493.898	382.31
494.251	403.08
494.604	424.62
494.957	446.93
495.309	469.61
495.662	493.51
496.015	517.64
496.367	542.87
496.72	568.69
497.072	594.79
497.425	621.08
497.777	647.72
498.129	674.87
498.482	702.77
498.834	729.77
499.186	758.92
499.538	786.82
499.89	817.46
500.242	846.48
500.594	876.33
500.946	907.72
501.298	937.95
501.65	966.85
502.002	996.44
502.353	1026.46
502.705	1057.31
503.057	1086.56
503.408	1117.62
503.76	1147.56
504.111	1176.33
504.463	1204.39
504.814	1233.28
505.166	1261.75
505.517	1289.87
505.868	1319.8
506.22	1347.16
506.571	1375.13
506.922	1402.11
507.273	1428.08
507.624	1453.75
507.975	1479.49
508.326	1503.75
508.677	1527.9
509.028	1551.05
509.379	1574.8
509.73	1596.84
510.08	1617.54
510.431	1635.87
510.782	1655.16
511.132	1674.25
511.483	1691.03
511.833	1707.26
512.184	1721.52
512.534	1735.44
512.885	1748.1
513.235	1762.02
513.585	1772.74
513.935	1784.3
514.286	1793.9
514.636	1803.7
514.986	1811.69
515.336	1817.98
515.686	1822.82
516.036	1825.33
516.386	1826.74
516.735	1828.84
517.085	1829.62
517.435	1829.28
517.785	1828.1
518.134	1825.3
518.484	1822.57
518.834	1818.95
519.183	1814.11
519.533	1807.61
519.882	1801.11
520.231	1793.7
520.581	1784.21
520.93	1775.89
521.279	1763.23
521.628	1752.8
521.978	1739.59
522.327	1726.31
522.676	1712.82
523.025	1698.97
523.374	1684.62
523.723	1669.72
524.071	1652.15
524.42	1635.57
524.769	1616.69
525.118	1598.28
525.466	1579.87
525.815	1561.25
526.164	1540.66
526.512	1521.07
526.861	1500.57
527.209	1478.77
527.557	1458.26
527.906	1436.51
528.254	1415.18
528.602	1394.62
528.951	1372.31
529.299	1349.38
529.647	1327.08
529.995	1304.41
530.343	1281.13
530.691	1257.64
531.039	1234.07
531.387	1210.77
531.735	1188.03
532.082	1163.92
532.43	1140.15
532.778	1116.64
533.125	1093
533.473	1069.93
533.82	1047.02
534.168	1024.56
534.515	1000.08
534.863	977.56
535.21	954.31
535.557	931.57
535.905	907.38
536.252	884.43
536.599	862.18
536.946	840.49
537.293	819.51
537.64	798.38
537.987	776.34
538.334	755.15
538.681	734.3
539.028	712.89
539.375	691.97
539.721	670.54
540.068	649.34
540.415	629.07
540.761	609.84
541.108	588.92
541.454	570.38
541.801	550.79
542.147	531.56
542.494	513.43
542.84	495.18
543.186	477.28
543.532	459.15
543.879	441.51
544.225	425.56
544.571	409.33
544.917	392.82
545.263	377.66
545.609	362.74
545.955	348.18
546.3	333.64
546.646	319.59
546.992	306.31
547.338	293.93
547.683	281.34
548.029	269.03
548.374	256.51
548.72	244.34
549.065	232.39
549.411	220.79
549.756	208.41
550.101	198.34
550.447	188.75
550.792	178.61
551.137	168.48
551.482	159.66
551.827	150.56
552.172	142.31
552.517	134.26
552.862	126.79
553.207	119.79
553.552	112.1
553.897	105.38
554.241	99.44
554.586	92.72
554.931	86.92
555.275	80.7
555.62	75.39
555.964	69.87
556.309	64.7
556.653	59.59
556.998	55.54
557.342	51.49
557.686	47.66
558.03	44.44
558.375	40.74
558.719	37.87
559.063	35.34
559.407	32.41
559.751	29.61
560.095	27.38
560.438	25.21
560.782	22.85
561.126	20.89
561.47	19.7
561.813	18.23
562.157	17.95
562.501	16.56
562.844	15.59
563.188	15.1
563.531	14.75
563.875	14.2
564.218	14.48
564.561	14.13
564.904	14.13
565.248	14.07
565.591	13.98
565.934	13.7
566.277	13.92
566.62	13.93
566.963	13.87
567.306	14.7
567.649	15.62
567.991	15.9
568.334	16.34
568.677	17.11
569.02	17.9
569.362	18.52
569.705	19.66
570.047	21.05
570.39	22.36
570.732	23.82
571.074	25.15
571.417	26.26
571.759	28.15
572.101	30.38
572.443	32.2
572.786	34.1
573.128	35.7
573.47	38.03
573.812	39.15
574.154	40.82
574.496	43.13
574.837	45.23
575.179	46.56
575.521	49.23
575.863	51.33
576.204	53.56
576.546	55.66
576.887	58.23
577.229	60.95
577.57	63.26
577.912	65.97
578.253	68.9
578.594	71.77
578.936	74.28
579.277	77.3
579.618	80.11
579.959	82.51
580.3	85.51
580.641	88.52
580.982	91.54
581.323	94.07
581.664	97.49
582.005	100.64
582.346	102.67
582.686	105.33
583.027	107.34
583.368	109.92
583.708	113.33
584.049	115.98
584.389	118.02
584.73	120.31
585.07	122.97
585.41	124.7
585.75	126.59
586.091	128.33
586.431	130.44
586.771	132.97
587.111	134.79
587.451	136.67
587.791	138.77
588.131	139.69
588.471	140.52
588.811	141.36
589.151	142.33
589.49	143.1
589.83	144.07
590.17	145.25
590.509	145.66
590.849	146.43
591.188	145.95
591.528	145.52
591.867	145.25
592.206	145.18
592.546	144.62
592.885	143.51
593.224	142.8
593.563	141.82
593.902	141.97
594.242	141.03
594.581	140.82
594.919	139.79
595.258	139.15
595.597	138.25
595.936	137.46
596.275	136.33
596.613	135.11
596.952	134.34
597.291	132.87
597.629	130.49
597.968	129.1
598.306	127.75
598.645	125.87
598.983	123.07
599.321	120.62
599.66	118.25
599.998	116.07
600.336	113.54
600.674	111.08
601.012	108.84
601.35	106.03
601.688	103.64
602.026	101.67
602.364	98.52
602.702	95.8
603.04	93.41
603.377	90.11
603.715	87.61
604.053	85.31
604.39	82.02
604.728	78.8
605.065	76.64
605.403	73.57
605.74	70.43
606.077	68.13
606.415	66.18
606.752	63.39
607.089	60.52
607.426	57.38
607.763	55.15
608.1	52.84
608.437	50.8
608.774	49.41
609.111	47.85
609.448	46.74
609.785	44.98
610.121	43.52
610.458	41.98
610.795	40.16
611.131	38.84
611.468	36.8
611.804	35.9
612.141	35.13
612.477	33.31
612.813	31.85
613.15	30.18
613.486	29.62
613.822	28.3
614.158	27.38
614.494	25.34
614.83	24.1
615.166	22.77
615.502	21.85
615.838	20.05
616.174	19.15
616.51	18.03
616.845	17.48
617.181	16.57
617.517	15.16
617.852	14.39
618.188	13.85
618.523	12.52
618.859	11.41
619.194	10.85
619.529	10.7
619.865	10.77
620.2	10
620.535	9.23
620.87	8.93
621.205	9.64
621.54	8.67
621.875	8.11
622.21	7.34
622.545	6.85
622.88	6.7
623.215	6.49
623.549	6.7
623.884	7
624.219	6.59
624.553	6.52
624.888	6.26
625.222	6.26
625.557	6.39
625.891	6.82
626.225	7.1
626.56	7.23
626.894	6.82
627.228	7.03
627.562	7.74
627.896	8.43
628.23	8.75
628.564	9.03
628.898	8.26
629.232	7.41
629.566	7.07
629.9	7.07
630.233	7.21
630.567	6.64
630.901	6.43
631.234	6.66
631.568	6.23
631.901	6.23
632.235	6.56
632.568	6.56
632.901	7.11
633.235	6.82
633.568	6.05
633.901	5.34
634.234	6.33
634.567	6.54
634.9	6.89
635.233	6.26
635.566	6.54
635.899	6.39
636.232	6.46
636.565	5.97
636.897	6.52
637.23	6.39
637.563	6.46
637.895	6.39
638.228	6.18
638.56	6.1
638.893	6.1
639.225	5.97
639.557	5.77
639.89	5.56
640.222	4.87
640.554	4.59
640.886	4.54
641.218	4.41
641.55	3.43
641.882	3.41
642.214	3.07
642.546	3.36
642.878	3.49
643.209	3.21
643.541	3.49
643.873	3.34
644.204	3.49
644.536	3.28
644.867	2.7
645.199	3.33
645.53	3.61
645.862	3.26
646.193	3.18
646.524	2.77
646.855	2.79
647.186	3.13
647.517	3.2
647.849	3.2
648.18	3
648.51	2.87
648.841	2.52
649.172	3.02
649.503	3.64
649.834	3.64
650.164	3.64
650.495	3.49
650.826	3.9
651.156	3.97
651.487	3.26
651.817	3.62
652.147	3.49
652.478	3.15
652.808	3.3
653.138	3.43
653.468	3.44
653.799	4.64
654.129	5.2
654.459	4.43
654.789	4.57
655.119	4.21
655.448	4.7
655.778	4.3
656.108	4.38
656.438	4.72
656.767	5.49
657.097	4.46
657.426	4.38
657.756	3.97
658.085	4.31
658.415	4.52
658.744	4.18
659.074	4.38
659.403	4.59
659.732	4.79
660.061	4.44
660.39	4.85
660.719	5.41
661.048	5.74
661.377	5.93
661.706	6.23
662.035	6.25
662.364	6.82
662.692	7.02
663.021	6.61
663.35	7.1
663.678	6.75
664.007	6.61
664.335	6.25
664.664	6.79
664.992	7.56
665.321	7.07
665.649	7.41
665.977	7.75
666.305	7.61
666.633	8.08
666.961	8.28
667.289	7.79
667.617	7.93
667.945	7.85
668.273	7.49
668.601	7.56
668.929	7.21
669.256	7.28
669.584	7.36
669.912	8
670.239	7.57
670.567	7.72
670.894	7.66
671.222	7.52
671.549	7.61
671.876	7.25
672.203	7.25
672.531	7.39
672.858	7.11
673.185	6.7
673.512	6.9
673.839	6.34
674.166	6.34
674.493	6.62
674.819	6.13
675.146	6.15
675.473	6.28
675.8	6.48
676.126	7.3
676.453	6.95
676.779	6.39
677.106	7.36
677.432	7.15
677.759	7.7
678.085	7.49
678.411	7.7
678.737	8.05
679.064	8.2
679.39	8.46
679.716	8.52
680.042	9.21
680.368	9.21
680.694	9.36
681.019	9.23
681.345	9.02
681.671	8.59
681.997	8.52
682.322	8.87
682.648	8.39
682.973	8.97
683.299	9.03
683.624	9.59
683.95	10.16
684.275	10.31
684.6	10.31
684.925	9.34
685.251	9.62
685.576	9.07
685.901	8.66
686.226	8.8
686.551	8.95
686.876	8.67
687.2	8.39
687.525	8.46
687.85	8.18
688.175	8.11
688.499	7.92
688.824	8.26
689.148	8.34
689.473	7.79
689.797	7.36
690.122	7.51
690.446	7.16
690.77	6.39
691.095	6.11
691.419	5.69
691.743	5.49
692.067	5.77
692.391	5.49
692.715	5.08
693.039	5.02
693.363	5.36
693.686	5.62
694.01	5.75
694.334	5.48
694.658	5.67
694.981	5.31
695.305	5.03
695.628	4.89
695.952	4.48
696.275	4.69
696.598	5.38
696.922	5.36
697.245	5.44
697.568	5.38
697.891	5.05
698.214	4.92
698.537	5.34
698.86	4.92
699.183	4.64
699.506	4.59
699.829	4.26
700.151	3.84
700.474	3.41
700.797	3
701.119	3.38
701.442	3.51
701.764	3.85
702.087	3.41
702.409	3.61
702.732	3.03
703.054	3.11
703.376	2.7
703.698	1.87
704.02	1.93
704.342	1.87
704.664	2.36
704.986	1.95
705.308	2.16
705.63	2.16
705.952	2.31
706.274	1.67
706.595	1.61
706.917	1.75
707.239	1.48
707.56	1.48
707.882	1.26
708.203	1.25
708.525	1.25
708.846	1.16
709.167	1.16
709.488	1.44
709.81	1.38
710.131	1.59
710.452	2.38
710.773	2.03
711.094	1.97
711.415	2.03
711.735	2.02
712.056	2.21
712.377	2.75
712.698	3.03
713.018	2.62
713.339	2.98
713.659	2.28
713.98	2.13
714.3	2.08
714.621	3.05
714.941	3.33
715.261	3.54
715.581	2.92
715.902	2.97
716.222	2.26
716.542	1.57
716.862	1.34
717.182	1.43
717.502	1.56
717.821	1.48
718.141	1.33
718.461	1.34
718.781	1.84
719.1	1.61
719.42	1.82
719.739	1.62
720.059	1.84
720.378	2.11
720.698	1.9
721.017	1.75
721.336	1.75
721.655	1.62
721.974	1.26
722.294	1.54
722.613	1.74
722.932	1.1
723.251	1.31
723.569	1.38
723.888	1.39
724.207	1.03
724.526	1.74
724.844	2.15
725.163	2.15
725.482	2.28
725.8	2.36
726.119	2.64
726.437	2.77
726.755	2.49
727.074	2.36
727.392	2.92
727.71	2.66
728.028	2.93
728.346	2.66
728.664	2.93
728.982	2.16
729.3	1.82
729.618	2.02
729.936	1.67
730.254	2.3
730.571	2.62
730.889	2.97
731.206	2.49
731.524	1.74
731.841	1.87
732.159	1.44
732.476	1.85
732.794	1.98
733.111	2.7
733.428	3.07
733.745	2.64
734.062	1.95
734.379	1.46
734.696	1.89
735.013	2.44
735.33	2.31
735.647	2.61
735.964	3.02
736.281	3.02
736.597	3.49
736.914	3.56
737.23	3.49
737.547	2.85
737.863	3.2
738.18	3.48
738.496	3.41
738.813	3.61
739.129	3.87
739.445	3.52
739.761	3.16
740.077	2.74
740.393	2.89
740.709	2.25
741.025	2.11
741.341	2.41
741.657	3.11
741.973	2.7
742.288	3.33
742.604	3.61
742.92	3.54
743.235	3.52
743.551	3.89
743.866	2.75
744.181	2.26
744.497	2.82
744.812	1.92
745.127	1.98
745.442	1.64
745.757	1.21
746.073	1.07
746.388	0.85
746.702	1.08
747.017	1.7
747.332	1.34
747.647	1.64
747.962	2.13
748.276	2.56
748.591	2.48
748.906	2.2
749.22	2.39
749.535	1.84
749.849	1.9
750.163	1.34
750.478	1.82
750.792	2.51
751.106	2.46
751.42	2.95
751.734	2.54
752.048	2.11
752.362	1.69
752.676	1.69
752.99	2.31
753.304	2.46
753.618	2.74
753.931	2.33
754.245	2.05
754.558	1.98
754.872	1.92
755.186	1.72
755.499	1.8
755.812	1.31
756.126	1.52
756.439	1.66
756.752	2.15
757.065	2.15
757.378	1.25
757.691	1.31
758.004	1.11
758.317	0.9
758.63	1.1
758.943	1.44
759.256	1.85
759.568	1.85
759.881	2.62
760.194	3.11
760.506	3.18
760.819	2.75
761.131	2.54
761.444	2.34
761.756	2.34
762.068	2.69
762.38	2.97
762.693	2.97
763.005	3.38
763.317	3.8
763.629	3.1
763.941	4
764.253	4.41
764.564	4.48
764.876	4.62
765.188	5.26
765.5	5.89
765.811	5.87
766.123	5.59
766.434	5.8
766.746	6.13
767.057	6
767.369	6
767.68	6.28
767.991	6.2
768.302	6.48
768.613	6.97
768.924	7.05
769.235	7.46
769.546	7.05
769.857	7.05
770.168	6.77
770.479	6.56
770.79	6.77
771.1	6.72
771.411	6.85
771.722	6.98
772.032	6.85
772.343	7.13
772.653	7.56
772.963	7.61
773.274	7.89
773.584	7.67
773.894	8.15
774.204	8.49
774.514	8.56
774.824	9.26
775.134	9.26
775.444	9.56
775.754	9.49
776.064	9.84
776.374	10.54
776.683	10.48
776.993	10.18
777.302	10.46
777.612	10.39
777.921	10.26
778.231	9.92
778.54	9.84
778.85	9.49
779.159	9.84
779.468	9.64
779.777	9.44
780.086	9.44
780.395	9.66
780.704	9.51
781.013	8.69
781.322	8.9
781.631	8.9
781.939	9.41
782.248	9.9
782.557	10.05
782.865	10.07
783.174	9.87
783.482	9.72
783.791	10.21
784.099	9.92
784.407	9.62
784.716	9.34
785.024	9.33
785.332	9.48
785.64	8.64
785.948	8.85
786.256	8.92
786.564	8.98
786.872	8.31
787.18	7.89
787.487	8.16
787.795	8.23
788.103	8.74
788.41	9.44
788.718	9.23
789.025	9.3
789.333	9.51
789.64	9.43
789.947	9
790.255	9.21
790.562	8.74
790.869	8.87
791.176	8.79
791.483	8.43
791.79	8.79
792.097	8.44
792.404	9.08
792.711	8.03
793.017	7.97
793.324	8.11
793.631	7.21
793.937	6.93
794.244	6.36
794.55	5.87
794.857	4.89
795.163	4.25
795.469	4.61
795.776	5.03
796.082	5.59
796.388	5.87
796.694	5.72
797	5.93
797.306	6.49
797.612	6.15
797.918	5.51
798.224	5.44
798.529	5.3
798.835	5.87
799.141	5.66
799.446	5.66
799.752	6.28
800.057	5.59
800.363	5.51
800.668	5.44
800.973	4.82
801.278	5.25
801.584	4.59
801.889	4.57
802.194	4.23
802.499	3.95
802.804	4.03
803.109	4.11
803.413	3.92
803.718	3.98
804.023	3.7
804.328	4.41
804.632	3.9
804.937	3.97
805.241	3.69
805.546	4.59
805.85	4.39
806.154	4.25
806.459	3.7
806.763	3.07
807.067	2.44
807.371	2.52
807.675	2.52
807.979	2.59
808.283	2.74
808.587	2.66
808.891	2.59
809.195	2.87
809.498	2.38
809.802	2.1
810.106	1.69
810.409	0.85
810.713	1.39
811.016	0.82
811.319	1.31
811.623	1.18
811.926	0.75
812.229	1.16
812.532	1.08
812.836	0.89
813.139	0.89
813.442	1.67
813.744	2.25
814.047	2.44
814.35	2.85
814.653	2.18
814.956	2.11
815.258	2.33
815.561	2.33
815.863	2
816.166	2.36
816.468	2.66
816.771	2.85
817.073	2.49
817.375	2
817.677	2.13
817.979	2.28
818.281	1.66
818.583	2.21
818.885	2.56
819.187	2.2
819.489	1.84
819.791	1.34
820.093	1.85
820.394	1.52
820.696	2
820.998	2.13
821.299	2.41
821.6	2.62
821.902	2.69
822.203	2.7
822.504	2.85
822.806	2.56
823.107	2.43
823.408	2.15
823.709	2.3
824.01	1.79
824.311	1.44
824.612	0.89
824.913	1.36
825.213	1.51
825.514	1.85
825.815	2.28
826.115	2.7
826.416	2.7
826.716	2.34
827.017	2.85
827.317	2.36
827.617	2.21
827.918	2.7
828.218	3.41
828.518	3.61
828.818	4.1
829.118	3.69
829.418	3.84
829.718	4.07
830.018	3.93
830.318	4.49
830.617	4.43
830.917	4.72
831.217	5.69
831.516	5.92
831.816	5.28
832.115	4.7
832.415	4.3
832.714	3.8
833.013	3.44
833.312	2.89
833.612	3.03
833.911	2.82
834.21	2.75
834.509	2.75
834.808	2.26
835.107	2.39
835.405	2.33
835.704	1.95
836.003	1.82
836.301	1.61
836.6	2
836.899	1.57
837.197	1.03
837.495	1.11
837.794	1.33
838.092	1.95
838.39	1.8
838.689	1.93
838.987	2.23
839.285	1.89
839.583	1.33
839.881	1.2
840.179	1.26
840.476	1.75
840.774	1.89
841.072	2.1
841.37	1.67
841.667	1.48
841.965	1.61
842.262	2.03
842.56	2.92
842.857	3
843.154	3.34
843.452	3.26
843.749	4.02
844.046	3.8
844.343	3.79
844.64	3.23
844.937	3.31
845.234	3.57
845.531	4.28
845.828	4.28
846.125	4.84
846.421	4.41
846.718	4.84
847.014	5.46
847.311	5.52
847.607	5.82
847.904	5.82
848.2	6.23
848.496	6.16
848.793	5.61
849.089	5.82
849.385	5.25
849.681	6
849.977	6.21
850.273	6.28
850.569	6.48
850.865	6.97
851.16	7.18
851.456	7.52
851.752	7.38
852.047	7.72
852.343	7.85
852.638	7.77
852.934	8.61
853.229	8.48
853.524	9.18
853.82	9.62
854.115	10.03
854.41	10.44
854.705	11.02
855	11.36
855.295	11.77
855.59	11.69
855.885	12.03
856.179	11.61
856.474	11.82
856.769	12.25
857.063	11.9
857.358	12.39
857.652	12.46
857.947	12.59
858.241	13.08
858.536	12.59
858.83	12.59
859.124	12.59
859.418	12.89
859.712	13.38
860.006	13.25
860.3	13.95
860.594	13.61
860.888	13.67
861.182	13.61
861.475	13.67
861.769	12.92
862.063	12.79
862.356	12.66
862.65	12.8
862.943	13.23
863.237	13.1
863.53	12.8
863.823	12.95
864.116	12.82
864.41	12.9
864.703	12.98
864.996	12.21
865.289	12.38
865.582	11.89
865.874	11.16
866.167	11.02
866.46	10.93
866.753	11.15
867.045	10.87
867.338	10.89
867.63	10.67
867.923	10.61
868.215	10.82
868.507	10.28
868.8	9.8
869.092	10.08
869.384	10.64
869.676	10.79
869.968	10.85
870.26	11.11
870.552	11.25
870.844	10.82
871.136	10.75
871.427	10.33
871.719	10.33
872.011	10.13
872.302	10.15
872.594	9.66
872.885	9.1
873.177	8.97
873.468	9.11
873.759	8.7
874.05	8.92
874.342	8.7
874.633	8.21
874.924	8.7
875.215	8.49
875.506	8.98
875.796	8.62
876.087	8.11
876.378	8.11
876.669	7.92
876.959	7.64
877.25	7.62
877.54	7.52
877.831	7.51
878.121	6.66
878.412	6.39
878.702	7.08
878.992	6.93
879.282	7.16
879.572	7.16
879.862	6.93
880.152	6.83
880.442	7.08
880.732	6.76
881.022	6.65
881.312	6.62
881.601	6.51
881.891	6.07
882.18	5.94
882.47	5.56
882.759	5.59
883.049	5.34
883.338	5.69
883.627	6.35
883.917	6.13
884.206	6
884.495	6.02
884.784	5.95
885.073	6.09
885.362	5.74
885.65	6.07
885.939	6.02
886.228	6.49
886.517	6.42
886.805	6.24
887.094	5.36
887.382	5.14
887.671	4.94
887.959	4.21
888.247	4.22
888.536	4.23
