155.485	-4.9
155.876	-5
156.266	-5.36
156.656	-5.59
157.046	-5.69
157.436	-5.06
157.826	-5.27
158.216	-5.03
158.606	-5.23
158.996	-5.43
159.386	-4.37
159.776	-4.07
160.166	-4.37
160.556	-4.45
160.945	-4.56
161.335	-4.28
161.725	-4.28
162.114	-4
162.504	-4
162.894	-4.36
163.283	-4.35
163.673	-4.42
164.062	-4.34
164.452	-4.26
164.841	-4.65
165.23	-4.71
165.62	-4.47
166.009	-4.62
166.398	-4.68
166.787	-4.73
167.177	-4.87
167.566	-4.66
167.955	-4.57
168.344	-4.64
168.733	-4.36
169.122	-3.87
169.511	-3.8
169.9	-3.89
170.289	-3.87
170.678	-3.87
171.066	-3.33
171.455	-3.05
171.844	-3.18
172.233	-2.9
172.621	-3.39
173.01	-3.74
173.398	-3.61
173.787	-3.95
174.176	-3.87
174.564	-3.74
174.952	-3.67
175.341	-4.02
175.729	-4
176.118	-4.36
176.506	-4.44
176.894	-4.25
177.282	-4.03
177.671	-4.02
178.059	-4.16
178.447	-3.61
178.835	-4.1
179.223	-4.03
179.611	-3.97
179.999	-4.11
180.387	-3.34
180.775	-3.05
181.163	-3.74
181.55	-3.44
181.938	-3.85
182.326	-3.79
182.714	-3.38
183.101	-3.87
183.489	-4.28
183.876	-4.2
184.264	-4.2
184.652	-3.77
185.039	-3.69
185.427	-4.03
185.814	-4.31
186.201	-4.03
186.589	-3.8
186.976	-3.59
187.363	-3.75
187.75	-3.54
188.138	-3.18
188.525	-2.48
188.912	-2.43
189.299	-2.36
189.686	-1.93
190.073	-1.87
190.46	-1.59
190.847	-1.46
191.234	-1.8
191.621	-1.82
192.007	-1.89
192.394	-1.52
192.781	-2.38
193.168	-2.44
193.554	-2.44
193.941	-2.44
194.328	-2.57
194.714	-2.21
195.101	-2.36
195.487	-2.36
195.874	-2.62
196.26	-2.28
196.646	-2.49
197.033	-2.15
197.419	-2.51
197.805	-2.57
198.191	-2.08
198.578	-2.43
198.964	-2.62
199.35	-2.43
199.736	-2.56
200.122	-2.49
200.508	-2.34
200.894	-2.28
201.28	-1.59
201.666	-1.64
202.052	-1.64
202.437	-1
202.823	-1.56
203.209	-1.28
203.595	-0.44
203.98	-0.66
204.366	-0.8
204.751	-0.18
205.137	-0.39
205.522	-0.05
205.908	0.03
206.293	-0.36
206.679	-0.56
207.064	0.28
207.449	0.84
207.835	0.75
208.22	0.41
208.605	0.13
208.99	0.46
209.375	1.21
209.76	0.93
210.146	1.41
210.531	0.77
210.916	1
211.3	0.64
211.685	0.15
212.07	-0.2
212.455	-0.8
212.84	-0.8
213.225	-1.03
213.609	-1.31
213.994	-1.33
214.379	-1.16
214.763	-0.69
215.148	-0.69
215.532	-0.54
215.917	-1.18
216.301	0
216.686	0.28
217.07	0.79
217.454	1.2
217.839	1.33
218.223	0.9
218.607	1.18
218.991	1.46
219.375	1.52
219.76	1.18
220.144	1.59
220.528	1.16
220.912	1.52
221.296	1.8
221.68	1.52
222.063	2.2
222.447	2.67
222.831	2.61
223.215	2.59
223.599	2.74
223.982	2.25
224.366	2.05
224.749	1.56
225.133	1.2
225.517	0.77
225.9	1.03
226.284	1.59
226.667	1.79
227.05	1.03
227.434	0.54
227.817	1.16
228.2	0.54
228.583	0.89
228.967	1.16
229.35	1.3
229.733	1.49
230.116	1.34
230.499	0.49
230.882	0.34
231.265	1.05
231.648	1.33
232.031	1.25
232.414	1.46
232.796	1.05
233.179	0.84
233.562	0.69
233.945	1.18
234.327	1.05
234.71	0.98
235.092	0.49
235.475	0.28
235.858	1.05
236.24	0.9
236.622	1.21
237.005	1.77
237.387	1.36
237.769	1.21
238.152	1.23
238.534	1.66
238.916	1.3
239.298	1.38
239.68	0.82
240.062	0.54
240.444	0.52
240.826	0.31
241.208	-0.1
241.59	0.11
241.972	-0.46
242.354	-0.18
242.736	-0.31
243.118	-0.16
243.499	-0.57
243.881	-0.77
244.263	-0.64
244.644	-0.92
245.026	-1.13
245.407	-1.11
245.789	-1.26
246.17	-2.11
246.552	-2.31
246.933	-2.31
247.315	-2.25
247.696	-1.7
248.077	-1.13
248.458	-0.57
248.839	-0.3
249.221	-0.7
249.602	-0.44
249.983	-1.13
250.364	-0.51
250.745	-0.49
251.126	-1.31
251.507	-0.75
251.888	-1.03
252.268	-1.51
252.649	-1.77
253.03	-2.05
253.411	-1.97
253.791	-2.08
254.172	-2.59
254.553	-3.23
254.933	-3.57
255.314	-3.43
255.694	-3.92
256.075	-4.28
256.455	-3.85
256.835	-4.11
257.216	-4.26
257.596	-3.51
257.976	-2.95
258.356	-2.2
258.737	-1.92
259.117	-2.21
259.497	-2.49
259.877	-2.87
260.257	-3.08
260.637	-2.8
261.017	-2.61
261.397	-2.54
261.777	-2.77
262.156	-2.84
262.536	-2.51
262.916	-2.3
263.296	-1.16
263.675	-1.49
264.055	-2.05
264.434	-1.92
264.814	-2.48
265.194	-1.84
265.573	-2.13
265.952	-2.07
266.332	-2.36
266.711	-2.28
267.09	-2.15
267.47	-2
267.849	-2.34
268.228	-2.07
268.607	-2.26
268.986	-2.11
269.365	-0.77
269.744	-0.49
270.123	-0.7
270.502	-0.77
270.881	-1.54
271.26	-1.84
271.639	-1.84
272.018	-1.7
272.397	-1.98
272.775	-2.75
273.154	-2.48
273.533	-2.75
273.911	-2.75
274.29	-3.26
274.668	-3.84
275.047	-3.77
275.425	-3.36
275.804	-3.52
276.182	-3.31
276.56	-3.33
276.939	-2.92
277.317	-2.26
277.695	-2.46
278.073	-2.69
278.451	-2.75
278.829	-2.33
279.207	-1.9
279.585	-2.05
279.963	-1.85
280.341	-1.9
280.719	-2.61
281.097	-2.82
281.475	-2.74
281.853	-2.74
282.23	-2.59
282.608	-2.52
282.986	-2.66
283.363	-2.66
283.741	-2.79
284.118	-2.85
284.496	-3.26
284.873	-3.1
285.251	-3.25
285.628	-3.93
286.005	-3.7
286.383	-5.18
286.76	-5.26
287.137	-4.84
287.514	-4.28
287.891	-3.87
288.268	-4.43
288.646	-4.75
289.023	-4.56
289.4	-3.85
289.776	-3.64
290.153	-3.36
290.53	-3.43
290.907	-3.44
291.284	-3.57
291.66	-3.46
292.037	-4.08
292.414	-4.43
292.79	-4.56
293.167	-4.62
293.543	-5.11
293.92	-5.11
294.296	-5.39
294.673	-5.39
295.049	-5.18
295.426	-5.95
295.802	-5.1
296.178	-5.02
296.554	-5.3
296.93	-5.59
297.307	-4.8
297.683	-4.66
298.059	-4.59
298.435	-4.74
298.811	-3.95
299.187	-4.08
299.562	-3.95
299.938	-4.1
300.314	-4.74
300.69	-4.52
301.066	-4.36
301.441	-4.66
301.817	-4.87
302.192	-4.79
302.568	-4.44
302.944	-4.85
303.319	-4.93
303.694	-5.62
304.07	-5.69
304.445	-6.33
304.821	-6.54
305.196	-6.82
305.571	-6.89
305.946	-6.89
306.321	-6.74
306.696	-6.52
307.072	-6.31
307.447	-5.84
307.822	-5.56
308.197	-5.07
308.571	-4.57
308.946	-5.07
309.321	-3.95
309.696	-3.74
310.071	-3.97
310.445	-4.52
310.82	-4.67
311.195	-4.48
311.569	-3.64
311.944	-3.72
312.318	-4.36
312.693	-4.66
313.067	-4.59
313.442	-4.59
313.816	-4.66
314.19	-5.23
314.565	-5.21
314.939	-5.07
315.313	-5.36
315.687	-5.64
316.061	-5.51
316.435	-4.67
316.809	-4.39
317.183	-4.18
317.557	-4.38
317.931	-4.79
318.305	-4.23
318.679	-4.72
319.052	-4.74
319.426	-4.67
319.8	-4.31
320.174	-4.46
320.547	-4.25
320.921	-3.97
321.294	-4.1
321.668	-4.18
322.041	-3.98
322.415	-3.84
322.788	-4.16
323.161	-4.16
323.535	-4.31
323.908	-4.11
324.281	-4.1
324.654	-4.23
325.027	-3.95
325.4	-4.51
325.773	-4.15
326.146	-4.08
326.519	-3.03
326.892	-3.1
327.265	-2.87
327.638	-3.02
328.011	-2.18
328.383	-2.25
328.756	-2.03
329.129	-1.9
329.501	-2.2
329.874	-2.54
330.247	-3.16
330.619	-3.52
330.991	-3.18
331.364	-2.48
331.736	-2.13
332.109	-2.62
332.481	-2.84
332.853	-2.34
333.225	-2.33
333.598	-2.1
333.97	-1.87
334.342	-2.87
334.714	-3.07
335.086	-3.2
335.458	-3.13
335.83	-3.2
336.202	-3.56
336.573	-3.05
336.945	-2.43
337.317	-2.16
337.689	-2.1
338.06	-1.89
338.432	-1.54
338.804	-1.25
339.175	-1.66
339.547	-2.28
339.918	-2.34
340.29	-2.07
340.661	-2.28
341.032	-2.62
341.404	-2.69
341.775	-2.97
342.146	-2.89
342.517	-3.1
342.888	-2.75
343.259	-2.84
343.63	-3.25
344.001	-2.84
344.372	-3.33
344.743	-3.54
345.114	-3.67
345.485	-2.84
345.856	-2.48
346.227	-2.33
346.597	-2.25
346.968	-1.28
347.339	-0.87
347.709	-1.72
348.08	-1.57
348.45	-2
348.821	-1.77
349.191	-2.13
349.562	-2.2
349.932	-1.92
350.302	-1.9
350.673	-2.26
351.043	-1.7
351.413	-2.13
351.783	-2.28
352.153	-2.49
352.523	-2.49
352.893	-2.72
353.263	-2.59
353.633	-2.93
354.003	-3.57
354.373	-3.72
354.743	-3.66
355.112	-3.38
355.482	-3.92
355.852	-3.8
356.221	-4.3
356.591	-4.74
356.961	-4.36
357.33	-5.07
357.7	-4.21
358.069	-3.44
358.438	-3.51
358.808	-3.02
359.177	-2.95
359.546	-2.66
359.915	-3.28
360.285	-2.93
360.654	-2.85
361.023	-2.92
361.392	-2.93
361.761	-3
362.13	-2.51
362.499	-2.31
362.868	-2.89
363.236	-2.33
363.605	-1.85
363.974	-1.02
364.343	-0.67
364.711	-0.39
365.08	-0.39
365.449	-0.48
365.817	-0.33
366.186	-0.11
366.554	-0.39
366.922	-0.46
367.291	-0.33
367.659	-0.41
368.027	-0.7
368.396	-0.72
368.764	-0.74
369.132	-0.82
369.5	-1.51
369.868	-1.64
370.236	-1.43
370.604	-1.57
370.972	-1.1
371.34	-0.84
371.708	-0.89
372.076	-0.46
372.443	-0.82
372.811	-1.05
373.179	-1.18
373.547	-1.18
373.914	-0.67
374.282	-0.95
374.649	-0.46
375.017	-0.11
375.384	0.46
375.752	0.18
376.119	-0.46
376.486	-0.44
376.853	-0.44
377.221	-1.07
377.588	-0.57
377.955	-0.38
378.322	-0.64
378.689	-0.15
379.056	0.36
379.423	1.03
379.79	1.46
380.157	1.1
380.524	0.34
380.891	0.84
381.257	1.11
381.624	0.97
381.991	0.39
382.357	0.46
382.724	0.38
383.09	0.08
383.457	0.28
383.823	0.08
384.19	0
384.556	-0.07
384.923	-0.48
385.289	-0.18
385.655	-0.52
386.021	-0.44
386.387	-1
386.754	-1.56
387.12	-1.36
387.486	-0.89
387.852	-1.3
388.218	-1.1
388.583	-1.44
388.949	-1.93
389.315	-2.21
389.681	-1.93
390.047	-2
390.412	-2.43
390.778	-2.28
391.144	-2.28
391.509	-2.28
391.875	-2.28
392.24	-2.56
392.605	-2.36
392.971	-2.08
393.336	-1.93
393.702	-1.79
394.067	-1.8
394.432	-1.54
394.797	-1.07
395.162	-0.49
395.527	-0.56
395.892	-0.56
396.257	-0.57
396.622	-0.36
396.987	-0.3
397.352	-0.44
397.717	-0.72
398.082	-0.79
398.446	-0.21
398.811	-0.08
399.176	-0.08
399.54	0.39
399.905	-0.1
400.269	0.39
400.634	0.52
400.998	0.8
401.363	0.66
401.727	0.25
402.091	0.52
402.456	0.8
402.82	0.93
403.184	0.59
403.548	0.18
403.912	0.25
404.276	0.33
404.64	0.26
405.004	-0.08
405.368	0.13
405.732	-0.21
406.096	-0.36
406.46	0.13
406.823	-0.02
407.187	-0.03
407.551	-0.25
407.914	0.03
408.278	0.18
408.641	0.46
409.005	1.31
409.368	1.03
409.732	1.11
410.095	1.33
410.458	1.13
410.822	1.2
411.185	1.9
411.548	2.26
411.911	2
412.274	2.84
412.637	3.41
413	3.54
413.363	3.75
413.726	3.41
414.089	3.26
414.452	3.62
414.815	3.28
415.177	3.15
415.54	2.8
415.903	2.03
416.265	2.05
416.628	1.57
416.99	1.44
417.353	1.44
417.715	1.15
418.078	0.44
418.44	0.31
418.802	-0.03
419.165	-0.03
419.527	-0.03
419.889	0.52
420.251	0.95
420.613	0.93
420.975	0.3
421.337	0.36
421.699	0.44
422.061	0.51
422.423	-0.18
422.785	-0.31
423.147	-0.66
423.508	-1.07
423.87	-0.92
424.232	-0.98
424.593	-1.75
424.955	-1.69
425.316	-1.97
425.678	-1.9
426.039	-1.9
426.401	-2.18
426.762	-1.97
427.123	-1.69
427.484	-2.03
427.846	-1.82
428.207	-1.59
428.568	-2.21
428.929	-2.28
429.29	-1.49
429.651	-0.87
430.012	-0.95
430.373	-1.51
430.734	-1.64
431.095	-2.28
431.455	-2.13
431.816	-2.33
432.177	-2.52
432.537	-2.66
432.898	-2.52
433.258	-2.72
433.619	-2.51
433.979	-2.57
434.34	-3.61
434.7	-3.89
435.06	-3.8
435.421	-3.44
435.781	-2.74
436.141	-2.39
436.501	-2.34
436.861	-1.7
437.221	-1.79
437.581	-1.51
437.941	-2
438.301	-1.66
438.661	-2.08
439.021	-2.23
439.381	-1.74
439.741	-1.87
440.1	-1.72
440.46	-1.93
440.82	-1.44
441.179	-1.36
441.539	-1.34
441.898	-1.13
442.258	-1.61
442.617	-1.67
442.976	-0.9
443.336	-0.97
443.695	-0.48
444.054	-1.03
444.413	-0.62
444.772	-0.41
445.131	-0.28
445.49	-0.02
445.849	-0.02
446.208	0.54
446.567	1.1
446.926	0.82
447.285	0.67
447.644	0.66
448.002	0.3
448.361	0.08
448.72	0.15
449.078	0
449.437	0.41
449.795	0.61
450.154	0.16
450.512	0.51
450.87	1
451.229	0.79
451.587	1.07
451.945	0.87
452.303	0.93
452.662	1.21
453.02	1.49
453.378	0.79
453.736	0.79
454.094	0.84
454.452	1.18
454.809	1.66
455.167	1.57
455.525	1.56
455.883	1.67
456.241	2.08
456.598	2.13
456.956	1
457.313	0.64
457.671	0.56
458.028	0.77
458.386	0.85
458.743	0.85
459.1	0.64
459.458	0.43
459.815	1.26
460.172	1.25
460.529	1.82
460.886	2.18
461.243	1.33
461.6	1.89
461.957	2.66
462.314	3
462.671	2.85
463.028	3
463.385	2.66
463.742	2.03
464.098	1.87
464.455	2.08
464.812	2.25
465.168	2.46
465.525	2.1
465.881	2.59
466.237	2.74
466.594	3.15
466.95	2.38
467.306	2.26
467.663	2.41
468.019	2.13
468.375	2.56
468.731	2.36
469.087	2.43
469.443	2.93
469.799	3.16
470.155	3.59
470.511	3.66
470.867	4.02
471.223	3.75
471.578	3.41
471.934	3.84
472.29	4.03
472.645	4.16
473.001	4.25
473.356	4.1
473.712	4.02
474.067	4.08
474.423	3.38
474.778	3.31
475.133	4.15
475.489	4.07
475.844	4.13
476.199	3.85
476.554	3.66
476.909	4.36
477.264	5
477.619	5.51
477.974	5.93
478.329	6.64
478.684	8.05
479.039	9.03
479.393	9.66
479.748	10.49
480.103	11.95
480.457	13.21
480.812	14.62
481.166	16.85
481.521	18.95
481.875	21.2
482.23	23.77
482.584	26.7
482.938	30.77
483.293	34.84
483.647	38.97
484.001	43.57
484.355	48.05
484.709	53.07
485.063	59
485.417	65.3
485.771	72.15
486.125	78.93
486.479	85.85
486.832	93.75
487.186	102.16
487.54	111.39
487.894	119.93
488.247	130.56
488.601	142.1
488.954	153.84
489.308	165.85
489.661	177.67
490.014	189.49
490.368	203.33
490.721	218.92
491.074	233.31
491.427	249.05
491.781	265.28
492.134	280.46
492.487	297.74
492.84	315.49
493.193	333.52
493.546	352.2
493.898	371.23
494.251	390.62
494.604	411.74
494.957	433.34
495.309	456.72
495.662	479.66
496.015	503.64
496.367	528.54
496.72	552.82
497.072	577.79
497.425	604.1
497.777	631.51
498.129	658.72
498.482	685.79
498.834	712.92
499.186	741.23
499.538	769.9
499.89	798.74
500.242	827.41
500.594	857.62
500.946	888.05
501.298	917.43
501.65	948.07
502.002	978
502.353	1008.28
502.705	1038.51
503.057	1068.66
503.408	1099.92
503.76	1130.21
504.111	1160.85
504.463	1190.66
504.814	1218.43
505.166	1247.66
505.517	1276.2
505.868	1304.95
506.22	1333.02
506.571	1360.77
506.922	1387.2
507.273	1414.49
507.624	1440.44
507.975	1466.87
508.326	1492.11
508.677	1515.69
509.028	1538.21
509.379	1560.44
509.73	1581.98
510.08	1602.9
510.431	1622.98
510.782	1642.08
511.132	1661.8
511.483	1679.08
511.833	1696.64
512.184	1710.92
512.534	1725.48
512.885	1739.05
513.235	1751.15
513.585	1764.66
513.935	1774.38
514.286	1783.97
514.636	1793.15
514.986	1801.21
515.336	1808.21
515.686	1814.57
516.036	1818.77
516.386	1822.7
516.735	1824.1
517.085	1824.8
517.435	1825.23
517.785	1824.33
518.134	1822.36
518.484	1820.77
518.834	1817.43
519.183	1812.74
519.533	1807.84
519.882	1801.2
520.231	1793.44
520.581	1783.74
520.93	1773.74
521.279	1763.59
521.628	1752.26
521.978	1738.98
522.327	1726.13
522.676	1713.77
523.025	1698.67
523.374	1683.56
523.723	1669.3
524.071	1652.43
524.42	1635.7
524.769	1617.8
525.118	1600.66
525.466	1580.66
525.815	1560.85
526.164	1541.82
526.512	1522.66
526.861	1502.52
527.209	1481.97
527.557	1460.48
527.906	1438.87
528.254	1417.61
528.602	1396
528.951	1373.97
529.299	1351.46
529.647	1327.69
529.995	1304.95
530.343	1281.72
530.691	1259.97
531.039	1235.79
531.387	1212.69
531.735	1188.13
532.082	1164
532.43	1139.8
532.778	1117.48
533.125	1093.13
533.473	1070.26
533.82	1046.56
534.168	1022.77
534.515	1000.31
534.863	976.33
535.21	953.74
535.557	931.21
535.905	907.85
536.252	884.82
536.599	862.7
536.946	840.51
537.293	818.67
537.64	795.93
537.987	774.59
538.334	753.89
538.681	732.69
539.028	711.34
539.375	690.66
539.721	669.51
540.068	647.95
540.415	627.18
540.761	606.07
541.108	586.48
541.454	568.28
541.801	550.44
542.147	532.13
542.494	513.52
542.84	496.38
543.186	478.97
543.532	461.2
543.879	443.21
544.225	426.43
544.571	410.15
544.917	393.43
545.263	376.93
545.609	361.41
545.955	345.67
546.3	329.59
546.646	315.46
546.992	302.31
547.338	289.44
547.683	274.75
548.029	261.74
548.374	249.21
548.72	237.75
549.065	225.93
549.411	214.89
549.756	202.7
550.101	191.95
550.447	181.25
550.792	171.66
551.137	161.87
551.482	153.48
551.827	143.89
552.172	135.41
552.517	126.8
552.862	119.89
553.207	112.75
553.552	104.98
553.897	97.72
554.241	91.02
554.586	84.38
554.931	78.93
555.275	73.48
555.62	68.1
555.964	63.2
556.309	58.59
556.653	53.9
556.998	50.13
557.342	46.23
557.686	42.03
558.03	38.84
558.375	35.07
558.719	31.36
559.063	27.93
559.407	25.84
559.751	22.69
560.095	20.25
560.438	18.13
560.782	15.62
561.126	13.87
561.47	12.26
561.813	10.93
562.157	9.61
562.501	7.93
562.844	6.89
563.188	6.03
563.531	5.26
563.875	4.7
564.218	4.34
564.561	4
564.904	3.79
565.248	3.7
565.591	3.82
565.934	3.69
566.277	4.8
566.62	5.51
566.963	5.85
567.306	6.61
567.649	7.74
567.991	7.82
568.334	8.67
568.677	9.08
569.02	9.79
569.362	10.26
569.705	10.54
570.047	11.1
570.39	11.93
570.732	12.98
571.074	13.67
571.417	14.72
571.759	15.77
572.101	17.64
572.443	18.34
572.786	20.03
573.128	22.2
573.47	23.26
573.812	24.66
574.154	25.77
574.496	27.25
574.837	28.85
575.179	30.11
575.521	31.66
575.863	32.77
576.204	35.3
576.546	36.41
576.887	38.15
577.229	40.16
577.57	42.18
577.912	44.07
578.253	46.38
578.594	48.9
578.936	50.79
579.277	52.69
579.618	54.93
579.959	57.46
580.3	59.48
580.641	62
580.982	64.31
581.323	66.7
581.664	69.64
582.005	72.72
582.346	74.9
582.686	77
583.027	79.16
583.368	81.05
583.708	83
584.049	85.31
584.389	87.34
584.73	88.89
585.07	90.77
585.41	92.23
585.75	94.67
586.091	96.77
586.431	98.39
586.771	100.13
587.111	101.95
587.451	102.87
587.791	104.28
588.131	105
588.471	106.05
588.811	106.46
589.151	107.21
589.49	108.69
589.83	109.18
590.17	110.87
590.509	112
590.849	112.92
591.188	113.28
591.528	113.56
591.867	113.56
592.206	113.48
592.546	113.82
592.885	113.34
593.224	112.92
593.563	112.16
593.902	111.9
594.242	112.31
594.581	111.54
594.919	110.57
595.258	110.3
595.597	109.72
595.936	109.02
596.275	107.69
596.613	106.77
596.952	105.38
597.291	103.84
597.629	102.59
597.968	101.54
598.306	100.36
598.645	99.23
598.983	97.11
599.321	95.08
599.66	93.05
599.998	91.21
600.336	90.08
600.674	87.98
601.012	86.25
601.35	84.21
601.688	82.25
602.026	80.56
602.364	78.18
602.702	75.67
603.04	73.34
603.377	70.95
603.715	68.92
604.053	67.1
604.39	64.93
604.728	62.34
605.065	60.03
605.403	57.52
605.74	55.43
606.077	53.26
606.415	51.1
606.752	48.31
607.089	46
607.426	43.84
607.763	41.52
608.1	40.03
608.437	38.49
608.774	36.74
609.111	35.18
609.448	34.13
609.785	32.16
610.121	30.64
610.458	29.46
610.795	27.57
611.131	25.54
611.468	23.79
611.804	22.18
612.141	20.64
612.477	19.38
612.813	17.77
613.15	16.46
613.486	15.62
613.822	15.28
614.158	14.56
614.494	13.02
614.83	11.21
615.166	10.15
615.502	10
615.838	8.82
616.174	7.79
616.51	7
616.845	6.77
617.181	6.41
617.517	5.69
617.852	5.82
618.188	5.39
618.523	4.34
618.859	3.16
619.194	2.18
619.529	1.9
619.865	1.92
620.2	1.57
620.535	1.64
620.87	0.74
621.205	0.89
621.54	-0.08
621.875	-0.3
622.21	-1.34
622.545	-1.84
622.88	-2.46
623.215	-2.61
623.549	-2.31
623.884	-1.95
624.219	-2.43
624.553	-2.64
624.888	-3.2
625.222	-3.07
625.557	-2.93
625.891	-2.23
626.225	-2.16
626.56	-1.97
626.894	-2.11
627.228	-1.98
627.562	-1.49
627.896	-1.15
628.23	-0.39
628.564	-0.67
628.898	-1.1
629.232	-0.9
629.566	-1.25
629.9	-1.03
630.233	-0.74
630.567	-0.9
630.901	-1.13
631.234	-1.54
631.568	-1.84
631.901	-1.62
632.235	-1.3
632.568	-1.16
632.901	-0.52
633.235	-0.67
633.568	-1.25
633.901	-1.54
634.234	-1.11
634.567	-0.9
634.9	-0.9
635.233	-0.64
635.566	-0.15
635.899	-0.15
636.232	-0.3
636.565	-0.57
636.897	-0.08
637.23	0.15
637.563	-0.07
637.895	-0.82
638.228	-1.51
638.56	-1.66
638.893	-1.59
639.225	-2.02
639.557	-1.38
639.89	-1.52
640.222	-1.95
640.554	-2.44
640.886	-2.7
641.218	-2.21
641.55	-2.77
641.882	-2.85
642.214	-3.05
642.546	-2.69
642.878	-2.69
643.209	-2.69
643.541	-2.62
643.873	-3.26
644.204	-3.75
644.536	-4.18
644.867	-4.67
645.199	-4.11
645.53	-4.05
645.862	-4.18
646.193	-4.34
646.524	-4.54
646.855	-3.97
647.186	-4.16
647.517	-4.31
647.849	-4.8
648.18	-4.51
648.51	-4.77
648.841	-5.05
649.172	-4.98
649.503	-4.49
649.834	-4.56
650.164	-4.84
650.495	-4.43
650.826	-4.9
651.156	-4.2
651.487	-4.56
651.817	-3.77
652.147	-3.98
652.478	-4.82
652.808	-4.52
653.138	-4.39
653.468	-3.97
653.799	-3.75
654.129	-3.48
654.459	-4.05
654.789	-4.05
655.119	-4.41
655.448	-4.67
655.778	-4.79
656.108	-5.13
656.438	-4.43
656.767	-3.52
657.097	-4.21
657.426	-4.64
657.756	-4.56
658.085	-3.8
658.415	-3.61
658.744	-4.02
659.074	-4.08
659.403	-3.72
659.732	-4
660.061	-3.98
660.39	-3.7
660.719	-3.08
661.048	-2.89
661.377	-3.1
661.706	-2.75
662.035	-2.75
662.364	-2.48
662.692	-1.79
663.021	-1.98
663.35	-1.92
663.678	-2.28
664.007	-2.08
664.335	-2.02
664.664	-1.11
664.992	-0.34
665.321	-0.21
665.649	0.21
665.977	0.64
666.305	0.72
666.633	0.92
666.961	0.62
667.289	0.82
667.617	1.26
667.945	1.26
668.273	1.18
668.601	1.1
668.929	1.05
669.256	1.33
669.584	0.84
669.912	1.26
670.239	1.39
670.567	1.13
670.894	1.62
671.222	1.41
671.549	1.69
671.876	1.54
672.203	1.34
672.531	2.33
672.858	2.05
673.185	1.62
673.512	1.98
673.839	2.2
674.166	2.21
674.493	2.66
674.819	2.46
675.146	2.54
675.473	2.87
675.8	2.79
676.126	3.26
676.453	2.84
676.779	2.43
677.106	2.92
677.432	3.41
677.759	3.77
678.085	3.49
678.411	3.92
678.737	4.69
679.064	4.62
679.39	5.44
679.716	5.66
680.042	6.07
680.368	5.72
680.694	5.31
681.019	5.39
681.345	4.9
681.671	4.41
681.997	4.2
682.322	3.92
682.648	3.51
682.973	4
683.299	4.41
683.624	5.05
683.95	6.11
684.275	6.05
684.6	5.43
684.925	4.8
685.251	4.67
685.576	4.33
685.901	3.98
686.226	3.85
686.551	3.93
686.876	4.02
687.2	3.41
687.525	3.54
687.85	3.67
688.175	2.98
688.499	2.72
688.824	3.39
689.148	3.26
689.473	3.2
689.797	2.98
690.122	2.64
690.446	2
690.77	0.87
691.095	0.67
691.419	0.54
691.743	0.48
692.067	0.61
692.391	0.39
692.715	0.33
693.039	0.34
693.363	-0.23
693.686	-0.16
694.01	-0.25
694.334	-0.75
694.658	-0.77
694.981	-0.7
695.305	-0.84
695.628	-0.77
695.952	-1.46
696.275	-1.05
696.598	-0.98
696.922	-0.79
697.245	-1.08
697.568	-1.44
697.891	-1.64
698.214	-1.77
698.537	-1.77
698.86	-2.2
699.183	-2.82
699.506	-2.95
699.829	-3.08
700.151	-3.16
700.474	-3.38
700.797	-3.66
701.119	-3.16
701.442	-3.23
701.764	-2.74
702.087	-2.61
702.409	-3.18
702.732	-3.62
703.054	-3.75
703.376	-4.08
703.698	-5.05
704.02	-4.84
704.342	-4.7
704.664	-4.28
704.986	-4.77
705.308	-4.98
705.63	-4.79
705.952	-4.51
706.274	-4.87
706.595	-5.23
706.917	-5.1
707.239	-5.44
707.56	-5.57
707.882	-5.72
708.203	-5.52
708.525	-5.72
708.846	-5.8
709.167	-6.15
709.488	-6.51
709.81	-6.44
710.131	-5.87
710.452	-4.89
710.773	-5.1
711.094	-5.72
711.415	-6.08
711.735	-5.52
712.056	-5.59
712.377	-5.39
712.698	-5.54
713.018	-5.82
713.339	-5.82
713.659	-6.1
713.98	-5.95
714.3	-6.08
714.621	-5.26
714.941	-5.33
715.261	-5.61
715.581	-5.89
715.902	-6.52
716.222	-6.67
716.542	-6.95
716.862	-7.08
717.182	-7.15
717.502	-7.3
717.821	-7.38
718.141	-7.38
718.461	-7.23
718.781	-6.52
719.1	-6.61
719.42	-6.33
719.739	-6.67
720.059	-6.54
720.378	-6.33
720.698	-6.54
721.017	-6.56
721.336	-7.11
721.655	-7.61
721.974	-7.25
722.294	-6.89
722.613	-6.67
722.932	-7.11
723.251	-7.07
723.569	-7
723.888	-7.34
724.207	-7.98
724.526	-7.34
724.844	-7.77
725.163	-8.25
725.482	-8.33
725.8	-8.39
726.119	-7.9
726.437	-7.77
726.755	-8.13
727.074	-7.92
727.392	-7.43
727.71	-8.11
728.028	-8.67
728.346	-8.95
728.664	-8.61
728.982	-8.25
729.3	-8.23
729.618	-8.18
729.936	-8.38
730.254	-8.25
730.571	-7.92
730.889	-7.92
731.206	-8.48
731.524	-8.97
731.841	-9.11
732.159	-8.84
732.476	-8.28
732.794	-8.62
733.111	-8.33
733.428	-7.84
733.745	-7.77
734.062	-8.39
734.379	-8.75
734.696	-8.34
735.013	-7.44
735.33	-6.93
735.647	-6.92
735.964	-6.84
736.281	-6.84
736.597	-6.7
736.914	-6.49
737.23	-6.97
737.547	-6.98
737.863	-6.85
738.18	-6.93
738.496	-6.95
738.813	-6.89
739.129	-6.39
739.445	-6.38
739.761	-6.89
740.077	-7.38
740.393	-7.43
740.709	-7.51
741.025	-7.43
741.341	-7.36
741.657	-7.36
741.973	-7.57
742.288	-7.23
742.604	-7.36
742.92	-7.44
743.235	-7.23
743.551	-6.87
743.866	-7.23
744.181	-6.59
744.497	-5.9
744.812	-6.18
745.127	-5.92
745.442	-6.67
745.757	-6.52
746.073	-6.18
746.388	-6.33
746.702	-6.67
747.017	-6.05
747.332	-5.36
747.647	-4.85
747.962	-4.49
748.276	-4.43
748.591	-4.79
748.906	-4.98
749.22	-4.64
749.535	-4.77
749.849	-4.15
750.163	-4.34
750.478	-4.34
750.792	-3.92
751.106	-3.9
751.42	-3.75
751.734	-4.02
752.048	-3.48
752.362	-3.43
752.676	-3.77
752.99	-3.56
753.304	-4.25
753.618	-4.03
753.931	-4.08
754.245	-4.3
754.558	-4.57
754.872	-4.79
755.186	-5.26
755.499	-5.46
755.812	-5.8
756.126	-5.93
756.439	-5.16
756.752	-5.36
757.065	-5.56
757.378	-6.03
757.691	-5.95
758.004	-6.23
758.317	-6.51
758.63	-6.16
758.943	-6.08
759.256	-5.31
759.568	-5.05
759.881	-4.41
760.194	-4.07
760.506	-4.41
760.819	-4.84
761.131	-4.85
761.444	-5.2
761.756	-5.07
762.068	-4.79
762.38	-4.3
762.693	-4.31
763.005	-4.31
763.317	-3.89
763.629	-3.9
763.941	-3.62
764.253	-3.26
764.564	-3.21
764.876	-3.44
765.188	-3.49
765.5	-2.93
765.811	-2.18
766.123	-2.52
766.434	-2.74
766.746	-2.82
767.057	-2.95
767.369	-3.3
767.68	-2.95
767.991	-2.97
768.302	-3.31
768.613	-3.39
768.924	-3.59
769.235	-3.33
769.546	-3.11
769.857	-3.11
770.168	-3.33
770.479	-3.9
770.79	-3.41
771.1	-3.82
771.411	-4.3
771.722	-3.75
772.032	-3.97
772.343	-3.54
772.653	-3.46
772.963	-3.62
773.274	-3.54
773.584	-3.33
773.894	-3.28
774.204	-2.59
774.514	-2.18
774.824	-1.97
775.134	-1.56
775.444	-1.43
775.754	-1.36
776.064	-0.89
776.374	-0.54
776.683	-0.95
776.993	-1.02
777.302	-0.67
777.612	-0.54
777.921	-0.34
778.231	-0.62
778.54	-0.56
778.85	-0.41
779.159	-0.34
779.468	-0.28
779.777	-0.34
780.086	-0.82
780.395	-0.54
780.704	-0.89
781.013	-1.56
781.322	-1.84
781.631	-1.75
781.939	-1.26
782.248	-1.13
782.557	-1.61
782.865	-1.8
783.174	-2.15
783.482	-2.07
783.791	-1.77
784.099	-1.57
784.407	-2.21
784.716	-2.77
785.024	-1.87
785.332	-1.44
785.64	-1.72
785.948	-1.31
786.256	-0.97
786.564	-0.61
786.872	-0.87
787.18	-1.1
787.487	-0.61
787.795	-1.25
788.103	-0.46
788.41	-0.46
788.718	-0.39
789.025	0.02
789.333	0.51
789.64	-0.21
789.947	-0.56
790.255	0.28
790.562	-0.61
790.869	-0.67
791.176	-0.54
791.483	-0.2
791.79	0.1
792.097	-0.39
792.404	-0.33
792.711	-0.1
793.017	-0.66
793.324	-0.51
793.631	-0.79
793.937	-1.15
794.244	-1.85
794.55	-2.28
794.857	-2.69
795.163	-3.31
795.469	-3.25
795.776	-3.03
796.082	-2.62
796.388	-3.11
796.694	-3.03
797	-2.89
797.306	-2.67
797.612	-2.89
797.918	-3.38
798.224	-3.38
798.529	-3.46
798.835	-2.97
799.141	-2.89
799.446	-2.52
799.752	-2.05
800.057	-2.18
800.363	-2.2
800.668	-2.67
800.973	-3.38
801.278	-2.89
801.584	-3.11
801.889	-2.62
802.194	-3.25
802.499	-3.25
802.804	-3.46
803.109	-3.16
803.413	-3.49
803.718	-4.34
804.023	-4.84
804.328	-4.62
804.632	-4.84
804.937	-4.98
805.241	-5.34
805.546	-4.66
805.85	-4.64
806.154	-5.05
806.459	-4.75
806.763	-5.46
807.067	-5.11
807.371	-5.46
807.675	-5.87
807.979	-5.59
808.283	-5.08
808.587	-4.95
808.891	-5.64
809.195	-5.16
809.498	-5.03
809.802	-5.31
810.106	-5.8
810.409	-5.89
810.713	-5.48
811.016	-5.9
811.319	-6.11
811.623	-5.62
811.926	-5.98
812.229	-5.57
812.532	-5.7
812.836	-5
813.139	-4.85
813.442	-4.43
813.744	-3.87
814.047	-3.23
814.35	-2.89
814.653	-3.43
814.956	-2.72
815.258	-2.79
815.561	-2.79
815.863	-3.34
816.166	-3.48
816.468	-3.39
816.771	-2.84
817.073	-2.75
817.375	-3.03
817.677	-3.05
817.979	-3.26
818.281	-3.61
818.583	-3.13
818.885	-2.92
819.187	-2.72
819.489	-2.93
819.791	-3.15
820.093	-2.57
820.394	-3.13
820.696	-2.03
820.998	-2.11
821.299	-1.84
821.6	-1.77
821.902	-1.7
822.203	-1.48
822.504	-1.18
822.806	-1.18
823.107	-1.26
823.408	-1.31
823.709	-1.59
824.01	-2.3
824.311	-2.64
824.612	-3.2
824.913	-3.07
825.213	-2.79
825.514	-3.28
825.815	-2.85
826.115	-2.49
826.416	-2.75
826.716	-2.98
827.017	-2.56
827.317	-2.64
827.617	-2.85
827.918	-2.49
828.218	-1.72
828.518	-1.72
828.818	-2.05
829.118	-2.11
829.418	-1.97
829.718	-1.82
830.018	-2.25
830.318	-2.52
830.617	-2.44
830.917	-2.15
831.217	-2.15
831.516	-1.92
831.816	-2.98
832.115	-3.62
832.415	-3.98
832.714	-4.41
833.013	-4.34
833.312	-5.05
833.612	-4.79
833.911	-5
834.21	-4.7
834.509	-4.36
834.808	-4.3
835.107	-4.57
835.405	-4.51
835.704	-4.66
836.003	-4.7
836.301	-4.64
836.6	-4.72
836.899	-5.08
837.197	-5.28
837.495	-5.2
837.794	-4.69
838.092	-4.84
838.39	-5.05
838.689	-5.26
838.987	-5.46
839.285	-5.38
839.583	-5.79
839.881	-5.7
840.179	-5.15
840.476	-5
840.774	-4.79
841.072	-5
841.37	-5.07
841.667	-5.43
841.965	-5.02
842.262	-4.87
842.56	-3.84
842.857	-3.13
843.154	-2.92
843.452	-3.49
843.749	-3.21
844.046	-3.36
844.343	-3.38
844.64	-3.8
844.937	-3.79
845.234	-4.13
845.531	-4
845.828	-4.07
846.125	-3.93
846.421	-4.36
846.718	-3.87
847.014	-3.52
847.311	-3.39
847.607	-3.25
847.904	-3.1
848.2	-2.82
848.496	-2.82
848.793	-3.25
849.089	-3.26
849.385	-3.56
849.681	-3.57
849.977	-2.8
850.273	-2.46
850.569	-2.39
850.865	-2.39
851.16	-2.46
851.456	-2.25
851.752	-2.59
852.047	-2.38
852.343	-1.97
852.638	-2.25
852.934	-1.69
853.229	-1.69
853.524	-1.41
853.82	-0.92
854.115	-1.07
854.41	-1.15
854.705	-0.93
855	-0.57
855.295	-0.52
855.59	-0.69
855.885	-0.7
856.179	-0.64
856.474	-0.77
856.769	-0.49
857.063	-0.98
857.358	-0.64
857.652	-0.64
857.947	-0.59
858.241	-0.46
858.536	-0.61
858.83	-1.1
859.124	-0.97
859.418	-1.1
859.712	-1.03
860.006	-1.08
860.3	-0.59
860.594	-0.95
860.888	-1.1
861.182	-0.69
861.475	-0.05
861.769	-0.05
862.063	-0.8
862.356	-0.93
862.65	-0.38
862.943	-0.31
863.237	0.16
863.53	0.23
863.823	0.02
864.116	-0.67
864.41	-0.8
864.703	-1.08
864.996	-1.57
865.289	-1.41
865.582	-1.9
865.874	-2.48
866.167	-2.41
866.46	-2.28
866.753	-2.69
867.045	-2.75
867.338	-3.08
867.63	-3.02
867.923	-2.93
868.215	-2.57
868.507	-2.77
868.8	-2.62
869.092	-2.34
869.384	-2
869.676	-1.85
869.968	-1.51
870.26	-1.72
870.552	-2.15
870.844	-2.08
871.136	-2
871.427	-2
871.719	-2.13
872.011	-1.79
872.302	-1.08
872.594	-0.8
872.885	-1.02
873.177	-1.07
873.468	-1.11
873.759	-1.59
874.05	-1.57
874.342	-1.93
874.633	-1.87
874.924	-1.23
875.215	-1.51
875.506	-0.95
875.796	-1.36
876.087	-2.2
876.378	-1.98
876.669	-1.64
876.959	-1.49
877.25	-1.77
877.54	-2.05
877.831	-1.92
878.121	-2.13
878.412	-2.74
878.702	-1.98
878.992	-2.26
879.282	-2.82
879.572	-2.89
879.862	-2.28
880.152	-2.25
880.442	-2.51
880.732	-2.55
881.022	-2.74
881.312	-2.7
881.601	-2.51
881.891	-2.17
882.18	-2.13
882.47	-2.17
882.759	-1.88
883.049	-2.28
883.338	-1.82
883.627	-1.5
883.917	-1.62
884.206	-1.46
884.495	-0.56
884.784	-0.57
885.073	-0.09
885.362	-0.19
885.65	0
885.939	-0.43
886.228	-0.23
886.517	-0.58
886.805	-0.95
887.094	-1.67
887.382	-1.71
887.671	-2.26
887.959	-2.45
888.247	-1.59
888.536	-2.19
