155.485	-8.19
155.876	-7.41
156.266	-7.45
156.656	-7.62
157.046	-7.26
157.436	-6.47
157.826	-6.65
158.216	-6.82
158.606	-7.21
158.996	-6.93
159.386	-6.85
159.776	-6.81
160.166	-6.86
160.556	-6.59
160.945	-6.64
161.335	-6.52
161.725	-6.38
162.114	-6.06
162.504	-5.67
162.894	-5.3
163.283	-5.04
163.673	-4.87
164.062	-4.43
164.452	-4.5
164.841	-4.65
165.23	-4.59
165.62	-4.28
166.009	-3.83
166.398	-3.92
166.787	-3.92
167.177	-3.66
167.566	-3.44
167.955	-3.23
168.344	-2.66
168.733	-2.72
169.122	-3.3
169.511	-3.51
169.9	-3.3
170.289	-3.02
170.678	-3.16
171.066	-2.9
171.455	-3.52
171.844	-2.84
172.233	-3.18
172.621	-2.98
173.01	-3.11
173.398	-3.11
173.787	-3.05
174.176	-2.56
174.564	-2.21
174.952	-1.87
175.341	-2.38
175.729	-3.3
176.118	-3.49
176.506	-3.56
176.894	-3.54
177.282	-3.25
177.671	-3.23
178.059	-3.1
178.447	-2.9
178.835	-3.03
179.223	-3.44
179.611	-3.93
179.999	-4.26
180.387	-3.85
180.775	-4
181.163	-4.49
181.55	-4.7
181.938	-4.62
182.326	-4.54
182.714	-4.61
183.101	-4.61
183.489	-5.08
183.876	-4.87
184.264	-5.3
184.652	-4.8
185.039	-5.2
185.427	-5.34
185.814	-5.64
186.201	-5.85
186.589	-6.05
186.976	-6.33
187.363	-6.67
187.75	-6.89
188.138	-6.26
188.525	-6.61
188.912	-6.44
189.299	-7.02
189.686	-7.51
190.073	-7.15
190.46	-6.95
190.847	-7
191.234	-6.93
191.621	-6.44
192.007	-6.93
192.394	-6.38
192.781	-5.61
193.168	-4.92
193.554	-5.05
193.941	-5.05
194.328	-4.62
194.714	-4.54
195.101	-4.05
195.487	-4.41
195.874	-3.87
196.26	-4.13
196.646	-3.51
197.033	-3.52
197.419	-2.9
197.805	-2.56
198.191	-2.21
198.578	-2.48
198.964	-1.85
199.35	-1.15
199.736	-0.59
200.122	-1.02
200.508	-1.02
200.894	-0.97
201.28	-1.03
201.666	-1.18
202.052	-1.25
202.437	-1.18
202.823	-0.62
203.209	-0.69
203.595	0
203.98	-0.2
204.366	-0.05
204.751	-0.03
205.137	0.89
205.522	1.1
205.908	1.44
206.293	1.59
206.679	1.74
207.064	2.49
207.449	2.43
207.835	2.98
208.22	2.49
208.605	3.33
208.99	3.62
209.375	3.97
209.76	3.84
210.146	4.31
210.531	4.93
210.916	5.28
211.3	5.05
211.685	4.49
212.07	5.13
212.455	5.13
212.84	5.41
213.225	5.11
213.609	4.84
213.994	4.7
214.379	4.56
214.763	4.49
215.148	4.2
215.532	4.2
215.917	3.64
216.301	3.56
216.686	3.2
217.07	2.97
217.454	2.62
217.839	2.54
218.223	1.77
218.607	1.56
218.991	1.57
219.375	1.3
219.76	1.34
220.144	0.72
220.528	0.66
220.912	0.44
221.296	0.25
221.68	-0.25
222.063	-0.05
222.447	-0.33
222.831	-0.2
223.215	-0.34
223.599	-0.41
223.982	0.08
224.366	0.3
224.749	0.7
225.133	0.59
225.517	0.8
225.9	0.87
226.284	0.72
226.667	0.92
227.05	0.7
227.434	1.26
227.817	1.33
228.2	1.59
228.583	0.89
228.967	0.38
229.35	-0.31
229.733	-0.52
230.116	-0.61
230.499	-0.8
230.882	-1.15
231.265	-1.36
231.648	-1.07
232.031	-1.34
232.414	-2.05
232.796	-2.18
233.179	-1.84
233.562	-2.11
233.945	-2.38
234.327	-2.44
234.71	-2.44
235.092	-2.38
235.475	-2.46
235.858	-1.85
236.24	-1.64
236.622	-1.21
237.005	-1.08
237.387	-1.23
237.769	-1.02
238.152	-1.25
238.534	-1.16
238.916	-0.82
239.298	-0.26
239.68	-0.67
240.062	-0.89
240.444	-0.8
240.826	-0.66
241.208	-0.57
241.59	0.41
241.972	0.28
242.354	0.28
242.736	0.15
243.118	0.44
243.499	1
243.881	1.34
244.263	1.34
244.644	1.13
245.026	0.92
245.407	1.07
245.789	1.07
246.17	0.72
246.552	0.44
246.933	0.85
247.315	0.13
247.696	-0.02
248.077	0.07
248.458	0.48
248.839	0.48
249.221	-0.08
249.602	0.48
249.983	0.56
250.364	0.62
250.745	-0.3
251.126	-0.66
251.507	-0.85
251.888	-0.43
252.268	-0.13
252.649	0.15
253.03	0.28
253.411	-0.7
253.791	-0.64
254.172	-0.43
254.553	-0.7
254.933	-1.07
255.314	-1.84
255.694	-1.48
256.075	-1.9
256.455	-2.11
256.835	-2.11
257.216	-2.26
257.596	-2.48
257.976	-2.89
258.356	-3.02
258.737	-3.02
259.117	-4.05
259.497	-4.25
259.877	-4.1
260.257	-3.89
260.637	-3.74
261.017	-3.89
261.397	-3.95
261.777	-3.67
262.156	-4.15
262.536	-3.95
262.916	-3.8
263.296	-2.74
263.675	-3.16
264.055	-3.03
264.434	-3.8
264.814	-4.51
265.194	-4.67
265.573	-4.46
265.952	-4.95
266.332	-5.1
266.711	-5.1
267.09	-5.38
267.47	-6.28
267.849	-6.36
268.228	-6.02
268.607	-6.51
268.986	-6.43
269.365	-6.15
269.744	-5.93
270.123	-5.77
270.502	-5.28
270.881	-5.75
271.26	-5.89
271.639	-6.59
272.018	-6.46
272.397	-5.84
272.775	-5.97
273.154	-6.38
273.533	-6.23
273.911	-5.66
274.29	-5.36
274.668	-5.43
275.047	-5.44
275.425	-5.59
275.804	-5.16
276.182	-5.15
276.56	-4.23
276.939	-4.72
277.317	-5.07
277.695	-4.66
278.073	-4.66
278.451	-3.89
278.829	-3.89
279.207	-3.66
279.585	-3.79
279.963	-4.34
280.341	-4.41
280.719	-4.07
281.097	-3.43
281.475	-3.43
281.853	-3.34
282.23	-3.62
282.608	-3.85
282.986	-3.72
283.363	-3.92
283.741	-4.21
284.118	-4.21
284.496	-4.21
284.873	-4.15
285.251	-4.02
285.628	-5.18
286.005	-4.84
286.383	-5.82
286.76	-5.46
287.137	-5.59
287.514	-4.97
287.891	-4.75
288.268	-4.46
288.646	-4.39
289.023	-3.69
289.4	-4.1
289.776	-4.02
290.153	-3.8
290.53	-3.38
290.907	-3.3
291.284	-3.7
291.66	-3.07
292.037	-2.93
292.414	-2.93
292.79	-2.87
293.167	-3.03
293.543	-3.02
293.92	-2.52
294.296	-2.67
294.673	-2.25
295.049	-2.31
295.426	-2.52
295.802	-3
296.178	-2.66
296.554	-2.52
296.93	-2.74
297.307	-2.48
297.683	-2.2
298.059	-2.46
298.435	-2.05
298.811	-2.48
299.187	-2.92
299.562	-2.7
299.938	-1.85
300.314	-1.44
300.69	-1.21
301.066	-1.13
301.441	-1.21
301.817	-0.67
302.192	-0.62
302.568	-0.56
302.944	0
303.319	0
303.694	-0.41
304.07	-0.41
304.445	0.15
304.821	0.49
305.196	1.2
305.571	1.57
305.946	1.44
306.321	1.36
306.696	1.66
307.072	1.44
307.447	1.87
307.822	1.59
308.197	2.08
308.571	2.84
308.946	2.84
309.321	2.7
309.696	3.03
310.071	3.31
310.445	2.54
310.82	2.54
311.195	3.03
311.569	2.95
311.944	2.82
312.318	3.72
312.693	3.51
313.067	3.87
313.442	4.13
313.816	3.92
314.19	3.92
314.565	3.49
314.939	3.43
315.313	3.56
315.687	3.28
316.061	2.93
316.435	3.28
316.809	2.85
317.183	2.7
317.557	2.62
317.931	2.21
318.305	2.15
318.679	2.41
319.052	2.56
319.426	2.64
319.8	2.77
320.174	2.77
320.547	2.69
320.921	2.48
321.294	2.49
321.668	2.34
322.041	2.77
322.415	2.21
322.788	2.36
323.161	2.08
323.535	1.59
323.908	1.85
324.281	1.38
324.654	1.25
325.027	1.11
325.4	1.18
325.773	1.03
326.146	1.03
326.519	0.95
326.892	1.07
327.265	0.77
327.638	-0.08
328.011	0.39
328.383	0.23
328.756	-0.26
329.129	-0.26
329.501	-0.69
329.874	-0.67
330.247	-1.44
330.619	-1.21
330.991	-1.49
331.364	-1.28
331.736	-1.49
332.109	-1.7
332.481	-1.97
332.853	-1.75
333.225	-0.97
333.598	-0.75
333.97	-1.52
334.342	-1.66
334.714	-1.52
335.086	-2.23
335.458	-2.38
335.83	-2.72
336.202	-2.51
336.573	-2.23
336.945	-1.61
337.317	-0.77
337.689	-0.62
338.06	-1.39
338.432	-1.05
338.804	-0.56
339.175	-1.05
339.547	-0.84
339.918	-0.77
340.29	-0.62
340.661	-0.13
341.032	-0.41
341.404	-0.62
341.775	-0.3
342.146	-0.25
342.517	-0.38
342.888	-0.66
343.259	-0.93
343.63	-0.16
344.001	-0.87
344.372	-0.51
344.743	-0.36
345.114	0.67
345.485	-0.03
345.856	0.44
346.227	0.85
346.597	0.59
346.968	0.87
347.339	0.51
347.709	0.85
348.08	1.33
348.45	2.03
348.821	2.46
349.191	2.89
349.562	3.03
349.932	2.97
350.302	3.25
350.673	3.26
351.043	3.56
351.413	4.46
351.783	4.05
352.153	4.33
352.523	4.18
352.893	4.8
353.263	5.08
353.633	4.87
354.003	4.72
354.373	4.46
354.743	4.66
355.112	5.15
355.482	5.07
355.852	4.85
356.221	4.92
356.591	5.26
356.961	5.67
357.33	5.39
357.7	5.26
358.069	5.41
358.438	5.13
358.808	4.79
359.177	4.59
359.546	4.03
359.915	3.2
360.285	2.75
360.654	3.74
361.023	3.31
361.392	3.46
361.761	3.59
362.13	3.25
362.499	3.31
362.868	3.03
363.236	2.87
363.605	2.89
363.974	2.95
364.343	2.33
364.711	2.07
365.08	2
365.449	1.51
365.817	1.59
366.186	1.16
366.554	1.57
366.922	1.98
367.291	1.49
367.659	0.95
368.027	1.15
368.396	1.3
368.764	1.16
369.132	1.08
369.5	1.02
369.868	0.67
370.236	0.75
370.604	0.21
370.972	-0.77
371.34	-1.34
371.708	-1.41
372.076	-2.03
372.443	-1.8
372.811	-1.44
373.179	-2.57
373.547	-2.87
373.914	-3.56
374.282	-3.23
374.649	-2.72
375.017	-1.39
375.384	-1.8
375.752	-2.02
376.119	-1.25
376.486	-0.41
376.853	-0.02
377.221	-0.08
377.588	-0.57
377.955	-0.77
378.322	-0.56
378.689	-0.77
379.056	-0.56
379.423	-0.56
379.79	-0.62
380.157	0.08
380.524	-0.07
380.891	0.43
381.257	0.56
381.624	0.62
381.991	0.62
382.357	0.9
382.724	1.13
383.09	1.07
383.457	1.43
383.823	1.07
384.19	1
384.556	0.92
384.923	1.15
385.289	1.51
385.655	1.52
386.021	1.85
386.387	0.75
386.754	0.84
387.12	0.34
387.486	0.13
387.852	0.48
388.218	0.74
388.583	0.67
388.949	0.62
389.315	0.48
389.681	0.67
390.047	0.8
390.412	0.52
390.778	-0.18
391.144	-0.48
391.509	0.1
391.875	0.57
392.24	0.92
392.605	0.28
392.971	0.77
393.336	0.57
393.702	0.44
394.067	0.46
394.432	1.31
394.797	1.1
395.162	0.87
395.527	1.66
395.892	2.02
396.257	2.34
396.622	2.49
396.987	2.07
397.352	1.57
397.717	1.57
398.082	1.43
398.446	0.72
398.811	-0.48
399.176	-0.75
399.54	-0.82
399.905	-0.82
400.269	-0.75
400.634	-0.98
400.998	-1.41
401.363	-1.84
401.727	-1.97
402.091	-2.05
402.456	-2.69
402.82	-2.97
403.184	-2.79
403.548	-2.85
403.912	-2.51
404.276	-2.64
404.64	-3.13
405.004	-2.85
405.368	-2.92
405.732	-3.2
406.096	-3.41
406.46	-3.21
406.823	-2.79
407.187	-2.59
407.551	-3.15
407.914	-2.8
408.278	-2.93
408.641	-1.9
409.005	-1.85
409.368	-1.93
409.732	-1.79
410.095	-1.57
410.458	-1.92
410.822	-1.64
411.185	-1.23
411.548	-1.85
411.911	-2.26
412.274	-2.48
412.637	-1.7
413	-1.21
413.363	-0.93
413.726	-1.1
414.089	-1.3
414.452	-1.3
414.815	-0.52
415.177	-1.15
415.54	-0.67
415.903	-0.39
416.265	-0.62
416.628	-1.07
416.99	-1.08
417.353	-1
417.715	-1.85
418.078	-1.84
418.44	-2.18
418.802	-2.1
419.165	-1.39
419.527	-1.89
419.889	-1.69
420.251	-1.9
420.613	-1.34
420.975	-0.98
421.337	-0.69
421.699	-0.54
422.061	-0.07
422.423	-0.21
422.785	0
423.147	0.44
423.508	0.8
423.87	1.02
424.232	1.15
424.593	1.64
424.955	2.2
425.316	2.34
425.678	2.64
426.039	2.98
426.401	3.33
426.762	4.31
427.123	4.38
427.484	4.23
427.846	4.23
428.207	4.38
428.568	4.03
428.929	3.75
429.29	3.54
429.651	4.44
430.012	4.18
430.373	4.46
430.734	5.02
431.095	5.23
431.455	6.07
431.816	5.98
432.177	6.13
432.537	6
432.898	5.66
433.258	5.16
433.619	5.72
433.979	6.3
434.34	6.79
434.7	6.1
435.06	6.31
435.421	5.89
435.781	5.61
436.141	5.1
436.501	5.38
436.861	5.05
437.221	5.46
437.581	5.11
437.941	5.39
438.301	5.39
438.661	5.13
439.021	5.21
439.381	4.87
439.741	4.93
440.1	4.43
440.46	4.64
440.82	4.3
441.179	3.93
441.539	3.87
441.898	3.97
442.258	4.1
442.617	3.89
442.976	3.9
443.336	3.62
443.695	3.75
444.054	3.75
444.413	3.48
444.772	3.41
445.131	3.11
445.49	2.34
445.849	2.34
446.208	2.49
446.567	2.28
446.926	2.2
447.285	1.23
447.644	1.15
448.002	0.46
448.361	0.46
448.72	-0.39
449.078	-0.89
449.437	-1.02
449.795	-0.95
450.154	-0.25
450.512	-0.46
450.87	-0.25
451.229	-0.59
451.587	-0.93
451.945	-1.44
452.303	-1.1
452.662	-1.57
453.02	-1.98
453.378	-2.61
453.736	-2.11
454.094	-2.61
454.452	-2.54
454.809	-2.69
455.167	-2.41
455.525	-2.39
455.883	-2.82
456.241	-3.44
456.598	-3.59
456.956	-4
457.313	-3.7
457.671	-3.75
458.028	-3.61
458.386	-3.75
458.743	-3.92
459.1	-3.72
459.458	-3.1
459.815	-3.38
460.172	-3.1
460.529	-3.11
460.886	-3.11
461.243	-2.49
461.6	-2
461.957	-1.72
462.314	-1.51
462.671	-1.23
463.028	-1.51
463.385	-1.51
463.742	-1.66
464.098	-1.08
464.455	-0.79
464.812	-1.21
465.168	-1.28
465.525	-1.41
465.881	-1.82
466.237	-1.33
466.594	-1.46
466.95	-1.11
467.306	-0.34
467.663	-0.43
468.019	-0.97
468.375	-0.97
468.731	-1.23
469.087	-1.72
469.443	-1.72
469.799	-2.02
470.155	-1.95
470.511	-2.02
470.867	-1.66
471.223	-1.66
471.578	-2.15
471.934	-2.57
472.29	-2.21
472.645	-2.49
473.001	-2.3
473.356	-2.1
473.712	-2.03
474.067	-2.38
474.423	-2.46
474.778	-2.05
475.133	-2.33
475.489	-2.95
475.844	-2.59
476.199	-2.39
476.554	-2.52
476.909	-2.52
477.264	-2.54
477.619	-2.33
477.974	-2
478.329	-1.72
478.684	-1.8
479.039	-1.8
479.393	-1.67
479.748	-1.54
480.103	-1.25
480.457	-1.03
480.812	-0.8
481.166	-0.85
481.521	-0.72
481.875	-0.93
482.23	-0.72
482.584	-0.8
482.938	-1.49
483.293	-1.7
483.647	-1.84
484.001	-2.54
484.355	-3.39
484.709	-3.11
485.063	-3.59
485.417	-3.8
485.771	-4.02
486.125	-4.36
486.479	-3.8
486.832	-3.87
487.186	-4.3
487.54	-4.49
487.894	-4.85
488.247	-4.98
488.601	-4.84
488.954	-5.41
489.308	-6.31
489.661	-6.31
490.014	-6.25
490.368	-6.61
490.721	-5.98
491.074	-6.13
491.427	-5.7
491.781	-5.56
492.134	-5.56
492.487	-5.98
492.84	-6.2
493.193	-6.05
493.546	-6.11
493.898	-6.25
494.251	-5.69
494.604	-4.84
494.957	-4.9
495.309	-5.03
495.662	-5.25
496.015	-5.03
496.367	-5.23
496.72	-4.74
497.072	-4.61
497.425	-4.75
497.777	-4.74
498.129	-4.54
498.482	-4.41
498.834	-4.69
499.186	-4.07
499.538	-4.07
499.89	-4.28
500.242	-3.85
500.594	-4.05
500.946	-4.18
501.298	-3.69
501.65	-4.05
502.002	-4.33
502.353	-5.18
502.705	-5.48
503.057	-5.26
503.408	-4.97
503.76	-5.31
504.111	-5.59
504.463	-4.97
504.814	-4.95
505.166	-4.89
505.517	-4.59
505.868	-3.61
506.22	-4.44
506.571	-4.25
506.922	-4.11
507.273	-4.61
507.624	-5.05
507.975	-5.56
508.326	-5.7
508.677	-5.64
509.028	-6
509.379	-6.2
509.73	-6.48
510.08	-6.28
510.431	-6.2
510.782	-5.84
511.132	-5.21
511.483	-5.77
511.833	-5.36
512.184	-4.87
512.534	-4.31
512.885	-4.38
513.235	-4.74
513.585	-4.16
513.935	-3.82
514.286	-3.26
514.636	-3.26
514.986	-3.48
515.336	-3.28
515.686	-3
516.036	-3.34
516.386	-3.62
516.735	-2.85
517.085	-2.21
517.435	-2
517.785	-1.72
518.134	-1.51
518.484	-0.89
518.834	-0.54
519.183	-0.13
519.533	0.02
519.882	-0.33
520.231	-0.11
520.581	-1.1
520.93	-1.43
521.279	-1.41
521.628	-1.62
521.978	-1.15
522.327	-0.74
522.676	-0.59
523.025	-0.85
523.374	-0.36
523.723	0.07
524.071	0.07
524.42	-0.28
524.769	-0.57
525.118	-0.51
525.466	-0.85
525.815	-0.92
526.164	-0.93
526.512	-0.79
526.861	-0.72
527.209	-0.79
527.557	-0.1
527.906	0.18
528.254	0.74
528.602	1.43
528.951	1.15
529.299	1.57
529.647	2.07
529.995	2.92
530.343	3.48
530.691	3.89
531.039	4.36
531.387	3.95
531.735	4.3
532.082	4.92
532.43	4.79
532.778	5.62
533.125	5.79
533.473	5.16
533.82	4.75
534.168	5.25
534.515	5.39
534.863	5.39
535.21	5.61
535.557	4.98
535.905	5.61
536.252	5.89
536.599	5.18
536.946	4.41
537.293	4.13
537.64	4.13
537.987	3.21
538.334	2.93
538.681	2.23
539.028	1.61
539.375	0.92
539.721	0.02
540.068	0.1
540.415	-0.25
540.761	-0.8
541.108	-0.38
541.454	-0.44
541.801	-0.1
542.147	0.16
542.494	-0.07
542.84	-0.13
543.186	-0.34
543.532	-0.62
543.879	-1.61
544.225	-1.61
544.571	-2.3
544.917	-2.93
545.263	-3.49
545.609	-3.56
545.955	-3.54
546.3	-3.31
546.646	-2.9
546.992	-3.11
547.338	-3.1
547.683	-3.03
548.029	-3.1
548.374	-3.31
548.72	-3.72
549.065	-3.93
549.411	-4.69
549.756	-5.51
550.101	-4.23
550.447	-4.44
550.792	-4.38
551.137	-4.74
551.482	-4.54
551.827	-4.26
552.172	-4.26
552.517	-4.61
552.862	-4.89
553.207	-5.1
553.552	-5.03
553.897	-5.51
554.241	-6
554.586	-6.02
554.931	-5.95
555.275	-6.59
555.62	-6.39
555.964	-6.69
556.309	-7.05
556.653	-6.51
556.998	-6.85
557.342	-6.85
557.686	-5.79
558.03	-5.59
558.375	-5.67
558.719	-5.2
559.063	-4.41
559.407	-4.28
559.751	-3.43
560.095	-2.93
560.438	-2.31
560.782	-1.67
561.126	-2.23
561.47	-2.16
561.813	-1.25
562.157	-1.61
562.501	-1.61
562.844	-1.74
563.188	-1.23
563.531	-0.8
563.875	-0.33
564.218	0.02
564.561	0.43
564.904	1.49
565.248	2.67
565.591	3.64
565.934	5.05
566.277	7.02
566.62	8.75
566.963	9.87
567.306	11.33
567.649	13.02
567.991	14.97
568.334	17.05
568.677	18.66
569.02	21.31
569.362	23.97
569.705	26.62
570.047	29.3
570.39	32.64
570.732	36.26
571.074	38.9
571.417	42.28
571.759	45.43
572.101	48.85
572.443	53.26
572.786	56.64
573.128	61.11
573.47	65.38
573.812	69.44
574.154	74.61
574.496	79.34
574.837	84.23
575.179	90.1
575.521	96.13
575.863	101.03
576.204	106.72
576.546	112.48
576.887	118.49
577.229	125.08
577.57	131.46
577.912	138.25
578.253	144.82
578.594	151.26
578.936	157.98
579.277	164.97
579.618	171.69
579.959	179.38
580.3	186.8
580.641	193.64
580.982	201.39
581.323	209.3
581.664	216.98
582.005	225.79
582.346	233.08
582.686	240.98
583.027	249.25
583.368	257.64
583.708	266.03
584.049	273.43
584.389	281.54
584.73	289.66
585.07	297.15
585.41	305.41
585.75	312.39
586.091	318.77
586.431	325.41
586.771	332.26
587.111	338.41
587.451	343.8
587.791	350.3
588.131	355.89
588.471	361.62
588.811	366.67
589.151	371.21
589.49	375.75
589.83	379.67
590.17	383.31
590.509	386.03
590.849	389.03
591.188	392.18
591.528	394.16
591.867	396.77
592.206	399.21
592.546	401.02
592.885	401.87
593.224	401.61
593.563	401.87
593.902	401.8
594.242	402.3
594.581	401.93
594.919	400.13
595.258	398.61
595.597	397.28
595.936	395.11
596.275	392.38
596.613	390.13
596.952	386.97
597.291	383.61
597.629	380.18
597.968	375.7
598.306	371.51
598.645	366.8
598.983	362.39
599.321	357.13
599.66	351.62
599.998	345.77
600.336	339.69
600.674	332.9
601.012	326.05
601.35	319.34
601.688	312.49
602.026	305.15
602.364	297.8
602.702	290.03
603.04	282.95
603.377	274.9
603.715	267.28
604.053	259.38
604.39	251.54
604.728	243.93
605.065	236.16
605.403	228
605.74	220.38
606.077	211.98
606.415	204.07
606.752	197.07
607.089	190.16
607.426	182.39
607.763	174.56
608.1	167.21
608.437	160.21
608.774	153.34
609.111	145.36
609.448	138.51
609.785	132
610.121	125.51
610.458	119.15
610.795	112.9
611.131	108.3
611.468	102.28
611.804	95.98
612.141	90.79
612.477	84.84
612.813	78.89
613.15	73.44
613.486	69.1
613.822	65.03
614.158	60.34
614.494	55.59
614.83	50.84
615.166	46.66
615.502	42.95
615.838	39.25
616.174	34.98
616.51	31.56
616.845	28.75
617.181	26.02
617.517	23.23
617.852	20.79
618.188	18.2
618.523	15.89
618.859	13.51
619.194	11.36
619.529	8.64
619.865	6.48
620.2	5.21
620.535	3.95
620.87	2.41
621.205	1.07
621.54	0.28
621.875	-0.56
622.21	-2.1
622.545	-3.16
622.88	-3.59
623.215	-4.7
623.549	-4.77
623.884	-4.98
624.219	-5.26
624.553	-5.9
624.888	-6.18
625.222	-6.46
625.557	-6.93
625.891	-7.44
626.225	-7.87
626.56	-8.21
626.894	-7.92
627.228	-8.75
627.562	-9.33
627.896	-9.54
628.23	-8.79
628.564	-8.66
628.898	-9.2
629.232	-9.39
629.566	-8.62
629.9	-9.11
630.233	-8.61
630.567	-8
630.901	-7.95
631.234	-7.93
631.568	-8.21
631.901	-7.87
632.235	-7.87
632.568	-8.07
632.901	-8.15
633.235	-7.3
633.568	-7.38
633.901	-7.03
634.234	-6.82
634.567	-6.18
634.9	-6.2
635.233	-5.85
635.566	-5.38
635.899	-4.95
636.232	-4.95
636.565	-4.18
636.897	-3.34
637.23	-3.62
637.563	-3.82
637.895	-3.34
638.228	-3.57
638.56	-3.43
638.893	-3.79
639.225	-3.64
639.557	-3.66
639.89	-3.44
640.222	-2.48
640.554	-1.85
640.886	-2.28
641.218	-1.57
641.55	-1.7
641.882	-2.18
642.214	-1.9
642.546	-1.28
642.878	-1.2
643.209	-0.97
643.541	-0.9
643.873	-1.8
644.204	-1.66
644.536	-1.79
644.867	-1.72
645.199	-1.93
645.53	-1.67
645.862	-1.67
646.193	-1.25
646.524	-0.39
646.855	-0.82
647.186	-0.54
647.517	-0.2
647.849	-0.13
648.18	0.08
648.51	-1.1
648.841	-0.82
649.172	-0.9
649.503	-0.98
649.834	-1.11
650.164	-0.41
650.495	-0.84
650.826	-1.38
651.156	-1.64
651.487	-1.77
651.817	-1.43
652.147	-0.85
652.478	-0.98
652.808	-0.98
653.138	-1.05
653.468	-2.1
653.799	-1.93
654.129	-2.07
654.459	-2.41
654.789	-2.48
655.119	-1.9
655.448	-1.54
655.778	-1.11
656.108	-1.07
656.438	-0.72
656.767	-0.72
657.097	-2.11
657.426	-2.25
657.756	-1.9
658.085	-2.38
658.415	-2.31
658.744	-2.52
659.074	-1.97
659.403	-1.9
659.732	-1.69
660.061	-0.7
660.39	-1.2
660.719	-1.56
661.048	-0.79
661.377	-0.66
661.706	-0.38
662.035	0.03
662.364	-0.31
662.692	-0.18
663.021	-0.11
663.35	-1.05
663.678	-0.69
664.007	0.36
664.335	-0.07
664.664	-0.84
664.992	-0.97
665.321	-1.44
665.649	-1.7
665.977	-1.43
666.305	-1.7
666.633	-3.05
666.961	-2.41
667.289	-2.34
667.617	-2.34
667.945	-2.48
668.273	-2.41
668.601	-2.07
668.929	-1.77
669.256	-1.41
669.584	-0.84
669.912	-0.49
670.239	-0.72
670.567	-0.51
670.894	-0.57
671.222	-0.44
671.549	-0.44
671.876	-0.93
672.203	-1.72
672.531	-1.16
672.858	-1.11
673.185	-0.56
673.512	-0.43
673.839	0.2
674.166	0.05
674.493	0.1
674.819	0.3
675.146	0.36
675.473	0.21
675.8	-0.15
676.126	-0.07
676.453	-0.49
676.779	-0.77
677.106	-0.77
677.432	-0.28
677.759	-0.61
678.085	-0.48
678.411	-0.82
678.737	-0.33
679.064	-0.59
679.39	-0.72
679.716	-1
680.042	-1.57
680.368	-1.98
680.694	-1.97
681.019	-2.31
681.345	-3.15
681.671	-3.43
681.997	-3.57
682.322	-3.57
682.648	-3.92
682.973	-3.7
683.299	-3.07
683.624	-3.2
683.95	-3.13
684.275	-2.36
684.6	-1.61
684.925	-1.61
685.251	-1.48
685.576	-2.11
685.901	-2.2
686.226	-2.61
686.551	-2.03
686.876	-2.8
687.2	-3.38
687.525	-3.66
687.85	-3.31
688.175	-3.52
688.499	-3.59
688.824	-4.3
689.148	-4.36
689.473	-4.85
689.797	-5.69
690.122	-6.16
690.446	-6.57
690.77	-6.51
691.095	-6.3
691.419	-6.44
691.743	-6.93
692.067	-6.38
692.391	-6.8
692.715	-7.07
693.039	-7.26
693.363	-7.13
693.686	-7.56
694.01	-7.75
694.334	-7.89
694.658	-8.08
694.981	-8.72
695.305	-9.07
695.628	-8.56
695.952	-8.77
696.275	-8.84
696.598	-8.48
696.922	-8.54
697.245	-8.97
697.568	-8.84
697.891	-8.77
698.214	-8.82
698.537	-8.82
698.86	-8.2
699.183	-8.21
699.506	-8.41
699.829	-8.82
700.151	-8.48
700.474	-8.28
700.797	-8.36
701.119	-7.95
701.442	-7.38
701.764	-7.36
702.087	-7.08
702.409	-6.87
702.732	-6.46
703.054	-6.67
703.376	-6.69
703.698	-7.2
704.02	-7.97
704.342	-7.97
704.664	-8.25
704.986	-7.56
705.308	-7.36
705.63	-7.57
705.952	-7.23
706.274	-6.67
706.595	-5.77
706.917	-5.54
707.239	-4.7
707.56	-4.36
707.882	-4.43
708.203	-4.15
708.525	-4.08
708.846	-4.15
709.167	-4.43
709.488	-3.8
709.81	-3.46
710.131	-3.26
710.452	-3.18
710.773	-3.52
711.094	-3.46
711.415	-3.1
711.735	-3.16
712.056	-3.1
712.377	-3.25
712.698	-3.74
713.018	-3.38
713.339	-3.52
713.659	-3.61
713.98	-3.89
714.3	-3.67
714.621	-3.31
714.941	-3.16
715.261	-3.46
715.581	-3.74
715.902	-3.25
716.222	-3.54
716.542	-2.98
716.862	-2.84
717.182	-2.34
717.502	-1.85
717.821	-1.31
718.141	-1.8
718.461	-2.51
718.781	-3.13
719.1	-2.93
719.42	-2.72
719.739	-2.79
720.059	-3.34
720.378	-3.33
720.698	-3.1
721.017	-3.52
721.336	-3.67
721.655	-4.03
721.974	-3.67
722.294	-4.15
722.613	-3.38
722.932	-3.38
723.251	-3.64
723.569	-3.02
723.888	-2.87
724.207	-2.46
724.526	-1.69
724.844	-1.61
725.163	-1.46
725.482	-1.05
725.8	-1.69
726.119	-1.9
726.437	-1.49
726.755	-2.11
727.074	-2.46
727.392	-2.16
727.71	-1.89
728.028	-1.46
728.346	-1.54
728.664	-1.41
728.982	-1.48
729.3	-2.1
729.618	-1.69
729.936	-1.21
730.254	-1.16
730.571	-0.67
730.889	-0.67
731.206	-0.89
731.524	-0.74
731.841	-0.03
732.159	0.67
732.476	0.52
732.794	0.39
733.111	1.03
733.428	1.38
733.745	1.02
734.062	1.23
734.379	1.64
734.696	1.43
735.013	2.26
735.33	2.33
735.647	2.54
735.964	3.1
736.281	3.31
736.597	2.89
736.914	2.31
737.23	2.05
737.547	2.41
737.863	2.9
738.18	3.11
738.496	3.18
738.813	3.46
739.129	3.8
739.445	4.08
739.761	4.13
740.077	3.98
740.393	4.33
740.709	4.54
741.025	4.54
741.341	3.84
741.657	3.98
741.973	3.49
742.288	3.36
742.604	3.3
742.92	3.03
743.235	3.11
743.551	3.48
743.866	2.57
744.181	2.92
744.497	3.13
744.812	3.15
745.127	3.79
745.442	3.66
745.757	3.1
746.073	3.31
746.388	3.51
746.702	2.95
747.017	3.16
747.332	2.82
747.647	3.1
747.962	3.16
748.276	2.89
748.591	3.16
748.906	2.82
749.22	2.05
749.535	2.15
749.849	2.51
750.163	2.85
750.478	3.21
750.792	3.3
751.106	2.95
751.42	2.39
751.734	2.18
752.048	2.61
752.362	2.03
752.676	1.97
752.99	1.75
753.304	1.41
753.618	0.7
753.931	0.98
754.245	0.34
754.558	0.07
754.872	0.28
755.186	-0.08
755.499	0.13
755.812	-0.08
756.126	0.28
756.439	0.34
756.752	0.2
757.065	-0.08
757.378	0.18
757.691	-0.66
758.004	-0.79
758.317	-0.64
758.63	-0.21
758.943	-0.28
759.256	-0.49
759.568	-0.84
759.881	-1.05
760.194	-0.77
760.506	-0.56
760.819	-1.34
761.131	-1.13
761.444	-1.26
761.756	-0.64
762.068	-0.72
762.38	-1.1
762.693	-1.18
763.005	-1.03
763.317	-1.25
763.629	-1.33
763.941	-1.54
764.253	-2.31
764.564	-2.38
764.876	-2.23
765.188	-2.66
765.5	-3.13
765.811	-2.93
766.123	-3.28
766.434	-3.21
766.746	-3.84
767.057	-3.84
767.369	-3.84
767.68	-3.84
767.991	-3.97
768.302	-3.69
768.613	-3.92
768.924	-4.84
769.235	-5.18
769.546	-5.33
769.857	-5.34
770.168	-4.66
770.479	-4.59
770.79	-5.15
771.1	-5.36
771.411	-5.15
771.722	-5.13
772.032	-4.36
772.343	-4.3
772.653	-3.89
772.963	-3.74
773.274	-3.95
773.584	-3.89
773.894	-4.46
774.204	-4.44
774.514	-4.39
774.824	-4.95
775.134	-5.08
775.444	-5.21
775.754	-5.49
776.064	-5.28
776.374	-5.39
776.683	-4.9
776.993	-5.07
777.302	-5.62
777.612	-5.97
777.921	-6.16
778.231	-6.16
778.54	-6.44
778.85	-6.08
779.159	-5.93
779.468	-5.52
779.777	-4.67
780.086	-5.23
780.395	-5.16
780.704	-5.66
781.013	-5.72
781.322	-5.84
781.631	-6.03
781.939	-5.69
782.248	-5.67
782.557	-5.72
782.865	-6.43
783.174	-6.15
783.482	-6.02
783.791	-6.44
784.099	-5.48
784.407	-5.2
784.716	-4.98
785.024	-5.11
785.332	-5.54
785.64	-4.72
785.948	-4.92
786.256	-4.44
786.564	-4.16
786.872	-4.25
787.18	-4.33
787.487	-3.98
787.795	-3.77
788.103	-3.7
788.41	-3.57
788.718	-3.57
789.025	-3.92
789.333	-3.79
789.64	-3.1
789.947	-3.25
790.255	-3.46
790.562	-3.89
790.869	-4.16
791.176	-4.51
791.483	-4.56
791.79	-4.69
792.097	-4.18
792.404	-4.18
792.711	-4.25
793.017	-4.26
793.324	-4.67
793.631	-4.18
793.937	-4.18
794.244	-3.84
794.55	-3.84
794.857	-3.62
795.163	-3.23
795.469	-3.08
795.776	-3.07
796.082	-2.98
796.388	-3.13
796.694	-2.85
797	-2.36
797.306	-2.02
797.612	-2.23
797.918	-2.36
798.224	-2.7
798.529	-2.85
798.835	-3.26
799.141	-2.92
799.446	-2.7
799.752	-2.7
800.057	-2.57
800.363	-2.44
800.668	-2.93
800.973	-2.79
801.278	-3.43
801.584	-3
801.889	-2.98
802.194	-2.98
802.499	-2.36
802.804	-2.49
803.109	-2.41
803.413	-2.49
803.718	-2.23
804.023	-1.89
804.328	-2.3
804.632	-2.23
804.937	-2.3
805.241	-1.89
805.546	-1.18
805.85	-1.1
806.154	-0.8
806.459	-0.89
806.763	-0.74
807.067	-1.07
807.371	-1.13
807.675	-1.13
807.979	-1.07
808.283	-1.05
808.587	-1.05
808.891	-0.69
809.195	-0.28
809.498	-0.75
809.802	-0.43
810.106	-0.59
810.409	-1.02
810.713	-1.02
811.016	-0.66
811.319	-0.3
811.623	-0.66
811.926	-0.66
812.229	-0.66
812.532	-1.02
812.836	-1.38
813.139	-1.16
813.442	-1.72
813.744	-2.07
814.047	-1.52
814.35	-1.59
814.653	-0.97
814.956	-1.54
815.258	-1.54
815.561	-1.82
815.863	-1.75
816.166	-1.48
816.468	-1.21
816.771	-1
817.073	-1.56
817.375	-0.87
817.677	-1.21
817.979	-1.56
818.281	-1.34
818.583	-1.13
818.885	-1.34
819.187	-1.97
819.489	-2.18
819.791	-1.75
820.093	-1.48
820.394	-1.64
820.696	-1.49
820.998	-2.11
821.299	-2.74
821.6	-2.89
821.902	-3.08
822.203	-3.15
822.504	-3
822.806	-3.15
823.107	-3.21
823.408	-4.05
823.709	-5.1
824.01	-5.52
824.311	-5.74
824.612	-6.16
824.913	-5.89
825.213	-6.11
825.514	-6.34
825.815	-6.69
826.115	-6.84
826.416	-7.25
826.716	-6.82
827.017	-6.69
827.317	-7.05
827.617	-7.48
827.918	-7
828.218	-7.11
828.518	-6.95
828.818	-6.52
829.118	-6.67
829.418	-6.82
829.718	-6.9
830.018	-6.48
830.318	-6.54
830.617	-5.92
830.917	-5.84
831.217	-6.11
831.516	-6.11
831.816	-5.21
832.115	-5.21
832.415	-5.48
832.714	-5.97
833.013	-6.2
833.312	-5.34
833.612	-5.62
833.911	-5.97
834.21	-6.16
834.509	-6.8
834.808	-7.15
835.107	-7.15
835.405	-6.66
835.704	-6.23
836.003	-6.38
836.301	-6.11
836.6	-6.26
836.899	-6.49
837.197	-6.34
837.495	-5.51
837.794	-5.52
838.092	-5.54
838.39	-6.1
838.689	-5.74
838.987	-5.82
839.285	-5.18
839.583	-4.84
839.881	-4.34
840.179	-3.79
840.476	-3.79
840.774	-3.85
841.072	-3.98
841.37	-3.21
841.667	-2.93
841.965	-2.16
842.262	-2.64
842.56	-2.43
842.857	-3.34
843.154	-3.34
843.452	-3.56
843.749	-3.75
844.046	-3.84
844.343	-4.25
844.64	-4.18
844.937	-4.82
845.234	-5.44
845.531	-5.51
845.828	-5.34
846.125	-5.69
846.421	-5.77
846.718	-5.7
847.014	-5.93
847.311	-6.13
847.607	-6.82
847.904	-7.1
848.2	-7.38
848.496	-7.03
848.793	-7.46
849.089	-7.26
849.385	-6.77
849.681	-6.64
849.977	-7.54
850.273	-7.46
850.569	-8.3
850.865	-8.08
851.16	-8.56
851.456	-8.9
851.752	-8.28
852.047	-7.85
852.343	-7.57
852.638	-6.93
852.934	-6.87
853.229	-7.02
853.524	-6.66
853.82	-7.16
854.115	-7.23
854.41	-7.28
854.705	-7.15
855	-7.49
855.295	-7.34
855.59	-7.64
855.885	-7.43
856.179	-7.28
856.474	-7.07
856.769	-7.56
857.063	-7.56
857.358	-7.7
857.652	-8.13
857.947	-8.64
858.241	-8.36
858.536	-8.64
858.83	-8.79
859.124	-8.23
859.418	-8.57
859.712	-8
860.006	-7.98
860.3	-7.84
860.594	-8.18
860.888	-7.41
861.182	-8.23
861.475	-8
861.769	-7.59
862.063	-7.16
862.356	-6.61
862.65	-5.69
862.943	-5.05
863.237	-4.15
863.53	-3.36
863.823	-2.95
864.116	-2.75
864.41	-2.07
864.703	-2.21
864.996	-1.85
865.289	-1.52
865.582	-0.84
865.874	-0.13
866.167	0.16
866.46	-0.05
866.753	0.16
867.045	0.31
867.338	0.25
867.63	-0.23
867.923	0.05
868.215	0.39
868.507	1.21
868.8	1.56
869.092	1.85
869.384	1.92
869.676	1.98
869.968	2.52
870.26	2.72
870.552	2.51
870.844	2.31
871.136	2.25
871.427	1.67
871.719	1.41
872.011	1.67
872.302	1.87
872.594	1.67
872.885	1.9
873.177	1.33
873.468	1.13
873.759	1.2
874.05	0.92
874.342	1.11
874.633	1.26
874.924	1.33
875.215	1.26
875.506	1.54
875.796	1.82
876.087	1.05
876.378	1.2
876.669	1.77
876.959	1.56
877.25	1.75
877.54	1.61
877.831	1.67
878.121	2.21
878.412	2.56
878.702	2.64
878.992	3.33
879.282	2.97
879.572	3.11
879.862	2.84
880.152	2.67
880.442	2.05
880.732	1.64
881.022	1.46
881.312	0.86
881.601	0.64
881.891	0.81
882.18	0.36
882.47	0.29
882.759	-0.04
883.049	-0.28
883.338	-0.37
883.627	-0.73
883.917	-0.94
884.206	-1.04
884.495	-1.24
884.784	-1.27
885.073	-1.21
885.362	-0.64
885.65	-0.56
885.939	-1
886.228	-0.9
886.517	-0.82
886.805	-0.86
887.094	-0.89
887.382	-1.51
887.671	-2.68
887.959	-3.39
888.247	-3.5
888.536	-2.94
