155.485	-4.52
155.876	-3.44
156.266	-3.36
156.656	-4.26
157.046	-4
157.436	-3.53
157.826	-3.32
158.216	-3.24
158.606	-3.26
158.996	-3.5
159.386	-3.54
159.776	-3.45
160.166	-3.16
160.556	-3.07
160.945	-2.71
161.335	-3.13
161.725	-3.45
162.114	-3.62
162.504	-3.8
162.894	-3.38
163.283	-3.49
163.673	-3.75
164.062	-3.43
164.452	-3.35
164.841	-3.45
165.23	-3.55
165.62	-3.49
166.009	-2.98
166.398	-3.02
166.787	-3.18
167.177	-3
167.566	-3.77
167.955	-3.77
168.344	-3.28
168.733	-3.43
169.122	-3.92
169.511	-3.93
169.9	-4.02
170.289	-3.25
170.678	-3.59
171.066	-2.97
171.455	-3.31
171.844	-2.84
172.233	-2.82
172.621	-2.84
173.01	-2.69
173.398	-2.56
173.787	-2.56
174.176	-2.13
174.564	-1.7
174.952	-1.62
175.341	-1.92
175.729	-2.07
176.118	-2.07
176.506	-2.41
176.894	-2.18
177.282	-2.38
177.671	-2.66
178.059	-2.66
178.447	-2.44
178.835	-2.23
179.223	-2.49
179.611	-3.2
179.999	-3.52
180.387	-2.56
180.775	-2.36
181.163	-2.79
181.55	-3.07
181.938	-2.72
182.326	-2.87
182.714	-2.66
183.101	-2.79
183.489	-3.56
183.876	-3.84
184.264	-3.85
184.652	-3.79
185.039	-3.21
185.427	-3.07
185.814	-2.8
186.201	-2.33
186.589	-2.46
186.976	-2.39
187.363	-2.52
187.75	-2.87
188.138	-2.82
188.525	-3.1
188.912	-2.8
189.299	-3.3
189.686	-3.64
190.073	-3.9
190.46	-3.56
190.847	-3.69
191.234	-3.26
191.621	-3.05
192.007	-3.2
192.394	-2.77
192.781	-2.34
193.168	-1.85
193.554	-1.84
193.941	-2.46
194.328	-2.05
194.714	-1.97
195.101	-2.05
195.487	-2.05
195.874	-1.85
196.26	-1.9
196.646	-1.34
197.033	-1.15
197.419	-0.74
197.805	-1.08
198.191	-1.3
198.578	-1.16
198.964	-0.54
199.35	0.1
199.736	0.52
200.122	0.31
200.508	0.16
200.894	0.72
201.28	0.93
201.666	1.07
202.052	1.48
202.437	1.05
202.823	1.39
203.209	1.61
203.595	1.95
203.98	1.69
204.366	1.34
204.751	1.49
205.137	1.92
205.522	1.57
205.908	1.51
206.293	1.51
206.679	1.44
207.064	2.49
207.449	2.56
207.835	2.28
208.22	1.79
208.605	2.13
208.99	2.21
209.375	1.93
209.76	1.8
210.146	2.02
210.531	2.3
210.916	2.77
211.3	3.33
211.685	3.67
212.07	4.46
212.455	4.67
212.84	5.02
213.225	4.8
213.609	4.87
213.994	4.25
214.379	4.31
214.763	4.38
215.148	4.3
215.532	4.16
215.917	3.74
216.301	3.51
216.686	2.95
217.07	2.87
217.454	3.07
217.839	2.93
218.223	2.3
218.607	2.38
218.991	2.46
219.375	2.1
219.76	2.08
220.144	2.02
220.528	1.39
220.912	1.67
221.296	1.59
221.68	1.66
222.063	1.52
222.447	1.11
222.831	0.48
223.215	0.05
223.599	0.11
223.982	0.54
224.366	0.39
224.749	0.39
225.133	-0.08
225.517	-0.34
225.9	0.15
226.284	-0.07
226.667	0
227.05	0.7
227.434	0.54
227.817	0.61
228.2	0.66
228.583	0.3
228.967	-0.07
229.35	0
229.733	-0.13
230.116	-0.26
230.499	-0.05
230.882	-0.61
231.265	-0.46
231.648	-0.1
232.031	-0.66
232.414	-0.8
232.796	-0.38
233.179	-0.31
233.562	-0.67
233.945	-0.93
234.327	-0.72
234.71	-1.36
235.092	-1.85
235.475	-2.21
235.858	-2.3
236.24	-2.36
236.622	-2.03
237.005	-1.9
237.387	-1.62
237.769	-1.48
238.152	-1.84
238.534	-1.9
238.916	-1.84
239.298	-1.43
239.68	-1.49
240.062	-1.51
240.444	-1.43
240.826	-1.34
241.208	-1.41
241.59	-0.85
241.972	-1.07
242.354	-1.62
242.736	-1.13
243.118	-0.85
243.499	-0.51
243.881	-0.1
244.263	-0.51
244.644	-0.3
245.026	-0.36
245.407	-0.64
245.789	-0.23
246.17	0.13
246.552	0.41
246.933	1.11
247.315	0.82
247.696	0.82
248.077	1.03
248.458	1.38
248.839	1.38
249.221	1.23
249.602	1.23
249.983	1.16
250.364	0.8
250.745	0.67
251.126	0.61
251.507	0.69
251.888	0.98
252.268	0.93
252.649	1.02
253.03	1.07
253.411	0.92
253.791	0.92
254.172	1.41
254.553	1.2
254.933	0.9
255.314	1.39
255.694	1.48
256.075	1.33
256.455	0.97
256.835	1.11
257.216	1.25
257.596	1.03
257.976	0.84
258.356	0.51
258.737	0.44
259.117	-0.25
259.497	-0.59
259.877	-0.72
260.257	-0.21
260.637	-0.21
261.017	-0.43
261.397	-0.07
261.777	0.08
262.156	-0.11
262.536	-0.25
262.916	-0.23
263.296	0.9
263.675	0.61
264.055	0.82
264.434	0.39
264.814	-0.02
265.194	0.46
265.573	0.8
265.952	-0.1
266.332	-0.23
266.711	-0.72
267.09	-1.28
267.47	-1.7
267.849	-1.85
268.228	-1.85
268.607	-2.07
268.986	-2.69
269.365	-2.97
269.744	-3.11
270.123	-3.54
270.502	-3.54
270.881	-4.1
271.26	-4.72
271.639	-4.87
272.018	-4.74
272.397	-4.74
272.775	-5.08
273.154	-5.49
273.533	-5.77
273.911	-5.75
274.29	-6.03
274.668	-6.31
275.047	-6.11
275.425	-5.43
275.804	-5.7
276.182	-5.62
276.56	-5.34
276.939	-6.26
277.317	-6.54
277.695	-6
278.073	-5.85
278.451	-6.13
278.829	-5.64
279.207	-5.84
279.585	-6.1
279.963	-6.18
280.341	-5.69
280.719	-6.03
281.097	-5.54
281.475	-5.05
281.853	-5.05
282.23	-5.05
282.608	-4.98
282.986	-4.9
283.363	-5.54
283.741	-5.62
284.118	-5.62
284.496	-5.7
284.873	-5.85
285.251	-5.85
285.628	-6.75
286.005	-6.34
286.383	-7.31
286.76	-7.38
287.137	-8.07
287.514	-7.72
287.891	-7.44
288.268	-7.57
288.646	-7.57
289.023	-6.8
289.4	-7.16
289.776	-7.02
290.153	-6.51
290.53	-6.28
290.907	-5.85
291.284	-6.48
291.66	-5.56
292.037	-5.41
292.414	-5.13
292.79	-5.26
293.167	-5.48
293.543	-5.61
293.92	-4.97
294.296	-4.34
294.673	-4.69
295.049	-4.69
295.426	-5.25
295.802	-5.1
296.178	-4.75
296.554	-4.67
296.93	-4.62
297.307	-3.85
297.683	-3.64
298.059	-3.98
298.435	-4.33
298.811	-3.98
299.187	-4.34
299.562	-4.2
299.938	-3.41
300.314	-3.21
300.69	-3.26
301.066	-3.39
301.441	-3.62
301.817	-3.92
302.192	-3.87
302.568	-3.46
302.944	-3.52
303.319	-4.23
303.694	-4.44
304.07	-4.87
304.445	-5.16
304.821	-4.95
305.196	-4.95
305.571	-4.18
305.946	-4.39
306.321	-3.84
306.696	-3.33
307.072	-3.41
307.447	-3.33
307.822	-2.98
308.197	-2.36
308.571	-1.66
308.946	-1.93
309.321	-1.59
309.696	-1.03
310.071	-0.54
310.445	-0.95
310.82	-1.1
311.195	-0.61
311.569	-0.82
311.944	-0.82
312.318	-0.1
312.693	-0.02
313.067	0.54
313.442	0.74
313.816	0.33
314.19	0.46
314.565	-0.33
314.939	-0.28
315.313	-0.3
315.687	-0.3
316.061	-0.15
316.435	0.54
316.809	0.33
317.183	-0.03
317.557	0.61
317.931	0.33
318.305	0.95
318.679	1.21
319.052	0.93
319.426	0.59
319.8	0.59
320.174	0.38
320.547	0.51
320.921	0.23
321.294	0.3
321.668	0.08
322.041	0.57
322.415	0.43
322.788	0.15
323.161	-0.05
323.535	-0.48
323.908	-0.15
324.281	-0.75
324.654	-0.54
325.027	-0.54
325.4	-0.82
325.773	-0.9
326.146	-0.82
326.519	-0.33
326.892	-0.34
327.265	-0.41
327.638	-0.98
328.011	0.11
328.383	-0.31
328.756	-0.39
329.129	-1.02
329.501	-1.59
329.874	-1.72
330.247	-2.36
330.619	-2.56
330.991	-3.05
331.364	-2.44
331.736	-2.51
332.109	-3.13
332.481	-3.13
332.853	-2.66
333.225	-1.89
333.598	-1.8
333.97	-2.1
334.342	-2.1
334.714	-2.74
335.086	-3.1
335.458	-3.31
335.83	-4.08
336.202	-3.93
336.573	-3.72
336.945	-2.82
337.317	-1.41
337.689	-0.9
338.06	-1.31
338.432	-0.97
338.804	-1.18
339.175	-1.74
339.547	-1.66
339.918	-1.44
340.29	-1.46
340.661	-0.97
341.032	-1.03
341.404	-1.25
341.775	-0.56
342.146	0.39
342.517	0.13
342.888	0.13
343.259	-0.08
343.63	0.13
344.001	-0.15
344.372	0.49
344.743	0.85
345.114	1.75
345.485	1.54
345.856	2.08
346.227	2.51
346.597	2.38
346.968	2.51
347.339	2.08
347.709	1.95
348.08	2.02
348.45	1.89
348.821	1.95
349.191	1.95
349.562	2.74
349.932	3.02
350.302	3.16
350.673	2.56
351.043	2.21
351.413	3.13
351.783	3.05
352.153	3.69
352.523	3.75
352.893	4.1
353.263	4.03
353.633	4.25
354.003	4.33
354.373	4.67
354.743	5.64
355.112	5.85
355.482	6
355.852	5.51
356.221	5.3
356.591	5.16
356.961	5.57
357.33	5.93
357.7	5.72
358.069	5.57
358.438	5.66
358.808	5.44
359.177	5.44
359.546	4.82
359.915	3.21
360.285	2.64
360.654	3.18
361.023	2.69
361.392	3.05
361.761	2.98
362.13	2.41
362.499	2.34
362.868	2.13
363.236	1.7
363.605	1.72
363.974	1.66
364.343	1.38
364.711	0.9
365.08	1.18
365.449	0.26
365.817	0.07
366.186	0.13
366.554	0.48
366.922	0.39
367.291	-0.38
367.659	-1
368.027	-1.02
368.396	-1.23
368.764	-1.44
369.132	-1.51
369.5	-1.02
369.868	-1.28
370.236	-0.77
370.604	-0.48
370.972	-0.39
371.34	-0.54
371.708	-0.61
372.076	-1.44
372.443	-1.36
372.811	-1.21
373.179	-1.51
373.547	-1.38
373.914	-2.15
374.282	-1.66
374.649	-1.85
375.017	-1.64
375.384	-1.41
375.752	-1.41
376.119	-1.2
376.486	-1.13
376.853	-1.21
377.221	-2.13
377.588	-2.69
377.955	-3.18
378.322	-2.48
378.689	-2.9
379.056	-2.48
379.423	-2.61
379.79	-2.8
380.157	-2.16
380.524	-1.97
380.891	-1.9
381.257	-2.2
381.624	-2.28
381.991	-2.21
382.357	-1.93
382.724	-1.93
383.09	-2.26
383.457	-1.75
383.823	-2.05
384.19	-1.84
384.556	-1.28
384.923	-1.28
385.289	-1.13
385.655	-1.48
386.021	-1.98
386.387	-2.39
386.754	-2.25
387.12	-2.52
387.486	-2.61
387.852	-1.77
388.218	-1.43
388.583	-1.64
388.949	-1.92
389.315	-2.21
389.681	-1.87
390.047	-1.93
390.412	-2
390.778	-2.05
391.144	-2.26
391.509	-1.84
391.875	-1.62
392.24	-1.15
392.605	-1.79
392.971	-1.72
393.336	-1.72
393.702	-1.64
394.067	-1.49
394.432	-0.72
394.797	-0.8
395.162	-0.75
395.527	-0.46
395.892	0.33
396.257	0.67
396.622	0.74
396.987	0.59
397.352	0.38
397.717	-0.05
398.082	-0.62
398.446	-0.85
398.811	-1.34
399.176	-1.84
399.54	-1.97
399.905	-1.56
400.269	-1.98
400.634	-2.28
400.998	-1.93
401.363	-2.7
401.727	-3.11
402.091	-2.85
402.456	-3.15
402.82	-3.21
403.184	-2.95
403.548	-3.08
403.912	-2.74
404.276	-3.3
404.64	-3.44
405.004	-3.57
405.368	-3.36
405.732	-3.85
406.096	-3.79
406.46	-4.02
406.823	-4.16
407.187	-4.03
407.551	-4.23
407.914	-3.89
408.278	-3.52
408.641	-3.31
409.005	-3.52
409.368	-3.95
409.732	-4.02
410.095	-4.15
410.458	-4.15
410.822	-3.25
411.185	-2.69
411.548	-3.3
411.911	-4.48
412.274	-4.77
412.637	-3.93
413	-4.02
413.363	-4.08
413.726	-4.93
414.089	-5.56
414.452	-5.56
414.815	-5.28
415.177	-6.05
415.54	-5.98
415.903	-5.85
416.265	-5.87
416.628	-6.31
416.99	-6.31
417.353	-5.95
417.715	-6.18
418.078	-6.46
418.44	-7.23
418.802	-7.43
419.165	-7.21
419.527	-7.07
419.889	-6.87
420.251	-6.38
420.613	-6.02
420.975	-5.8
421.337	-5.44
421.699	-5.23
422.061	-5.64
422.423	-5.3
422.785	-5.15
423.147	-4.79
423.508	-4.38
423.87	-3.82
424.232	-3.89
424.593	-3.67
424.955	-3.8
425.316	-4.16
425.678	-3.67
426.039	-3.87
426.401	-3.57
426.762	-3.08
427.123	-2.38
427.484	-2.61
427.846	-2.56
428.207	-2.69
428.568	-3.1
428.929	-3.02
429.29	-3.23
429.651	-2.61
430.012	-2.61
430.373	-2.54
430.734	-2.07
431.095	-2.34
431.455	-2.07
431.816	-2.07
432.177	-1.85
432.537	-1.79
432.898	-2.48
433.258	-3.18
433.619	-2.41
433.979	-1.3
434.34	-0.44
434.7	-1.41
435.06	-0.7
435.421	-0.44
435.781	-0.02
436.141	0.67
436.501	0.95
436.861	1.44
437.221	2
437.581	1.51
437.941	1.87
438.301	1.93
438.661	2.02
439.021	1.95
439.381	1.8
439.741	1.67
440.1	1.59
440.46	1.95
440.82	2.3
441.179	1.87
441.539	2.15
441.898	2.16
442.258	2.02
442.617	2.36
442.976	2.16
443.336	2.11
443.695	2.33
444.054	2.95
444.413	2.41
444.772	1.98
445.131	1.64
445.49	1.1
445.849	0.89
446.208	0.8
446.567	0.67
446.926	1.02
447.285	0.48
447.644	0.56
448.002	0.56
448.361	1.03
448.72	0.97
449.078	0.26
449.437	0.75
449.795	0.97
450.154	1.11
450.512	1.05
450.87	0.92
451.229	0.85
451.587	0.64
451.945	0.64
452.303	0.84
452.662	0.7
453.02	0.98
453.378	1.26
453.736	1.67
454.094	1.03
454.452	0.82
454.809	1.03
455.167	2.1
455.525	1.95
455.883	1.74
456.241	1.11
456.598	1.39
456.956	0.84
457.313	1.07
457.671	1
458.028	0.16
458.386	0.44
458.743	-0.11
459.1	0.02
459.458	1.05
459.815	0.62
460.172	0.77
460.529	0.43
460.886	0.92
461.243	0.85
461.6	0.92
461.957	0.92
462.314	1.07
462.671	1
463.028	1.43
463.385	1.15
463.742	0.87
464.098	1.59
464.455	1.11
464.812	1.11
465.168	0.82
465.525	1.23
465.881	1.08
466.237	1.49
466.594	1.66
466.95	1.57
467.306	1.77
467.663	1.62
468.019	1.64
468.375	1.13
468.731	0.72
469.087	0.93
469.443	0.92
469.799	0.43
470.155	0.43
470.511	0.15
470.867	0.51
471.223	-0.11
471.578	-0.33
471.934	-0.26
472.29	0.31
472.645	0.23
473.001	0.38
473.356	0.02
473.712	0.08
474.067	0.16
474.423	0.08
474.778	-0.54
475.133	-0.74
475.489	-1.15
475.844	-0.51
476.199	-0.57
476.554	-0.72
476.909	-1.51
477.264	-1.38
477.619	-1.08
477.974	-0.82
478.329	-0.48
478.684	-0.48
479.039	0.02
479.393	0.57
479.748	1.54
480.103	1.9
480.457	2.79
480.812	3.49
481.166	3.87
481.521	4.85
481.875	5.13
482.23	6.31
482.584	6.93
482.938	8.13
483.293	9.74
483.647	11
484.001	12.46
484.355	13.79
484.709	15.38
485.063	16.44
485.417	18.82
485.771	20.62
486.125	22.66
486.479	25.16
486.832	28.11
487.186	30.43
487.54	32.82
487.894	35.97
488.247	39.46
488.601	42.48
488.954	46.11
489.308	49.48
489.661	53.18
490.014	57.66
490.368	61.15
490.721	66.11
491.074	70.93
491.427	76.18
491.781	80.93
492.134	86.33
492.487	91.57
492.84	97.8
493.193	103.05
493.546	108.57
493.898	114.3
494.251	120.8
494.604	127.23
494.957	133.69
495.309	139.7
495.662	146.07
496.015	152.85
496.367	160.05
496.72	167.74
497.072	175.15
497.425	182.48
497.777	190.66
498.129	198.28
498.482	205.98
498.834	214.03
499.186	222.9
499.538	231.51
499.89	240.18
500.242	248.49
500.594	255.97
500.946	263.95
501.298	272.15
501.65	279.97
502.002	287.82
502.353	296.28
502.705	304.1
503.057	312.2
503.408	321.15
503.76	330.03
504.111	338
504.463	346.18
504.814	353.82
505.166	361.66
505.517	369.07
505.868	376.48
506.22	383.62
506.571	391.51
506.922	397.8
507.273	405.3
507.624	411.72
507.975	418.92
508.326	425
508.677	431.43
509.028	437.38
509.379	443.82
509.73	448.85
510.08	455.62
510.431	461.08
510.782	466.82
511.132	471.64
511.483	476.07
511.833	481.38
512.184	484.93
512.534	488.02
512.885	491.16
513.235	494.25
513.585	497.39
513.935	500.33
514.286	501.92
514.636	504.52
514.986	506.62
515.336	508.72
515.686	510.61
516.036	511.95
516.386	513.13
516.735	514.75
517.085	515.61
517.435	516.18
517.785	516.46
518.134	516.8
518.484	516.95
518.834	516.82
519.183	515.98
519.533	515.15
519.882	514.52
520.231	512.85
520.581	510.48
520.93	508.11
521.279	505.33
521.628	502.67
521.978	501.34
522.327	498.87
522.676	496.77
523.025	493.28
523.374	490.34
523.723	486.57
524.071	482.85
524.42	478.8
524.769	474.26
525.118	469.44
525.466	465.18
525.815	460.21
526.164	455.59
526.512	451.46
526.861	447.61
527.209	443.21
527.557	439.28
527.906	434.31
528.254	429.62
528.602	423.74
528.951	418.7
529.299	412.2
529.647	407.02
529.995	401.51
530.343	396.48
530.691	390.1
531.039	384.72
531.387	378.23
531.735	372.56
532.082	366.48
532.43	360.97
532.778	355.08
533.125	349.28
533.473	343.26
533.82	337.87
534.168	332.34
534.515	326.54
534.863	320.31
535.21	314.15
535.557	308.07
535.905	302.18
536.252	296.23
536.599	289.36
536.946	282.44
537.293	275.79
537.64	269.28
537.987	262.41
538.334	256.05
538.681	249.33
539.028	242.84
539.375	235.57
539.721	228.79
540.068	222.36
540.415	215.8
540.761	209.51
541.108	202.93
541.454	197.05
541.801	191.16
542.147	185.26
542.494	179.23
542.84	173.72
543.186	166.72
543.532	160.72
543.879	154.2
544.225	148.48
544.571	142.89
544.917	137.34
545.263	132.26
545.609	126.82
545.955	121.43
546.3	116.67
546.646	112.05
546.992	108
547.338	103.38
547.683	98.64
548.029	93.82
548.374	89.54
548.72	84.23
549.065	79.82
549.411	76.05
549.756	72.23
550.101	69.23
550.447	66.44
550.792	62.93
551.137	59.57
551.482	56.13
551.827	53.26
552.172	49.69
552.517	46.48
552.862	42.9
553.207	40.03
553.552	37.3
553.897	34.51
554.241	31.57
554.586	29.26
554.931	26.82
555.275	24.36
555.62	22.39
555.964	20
556.309	17.82
556.653	16.43
556.998	14.61
557.342	13.36
557.686	12.2
558.03	11
558.375	10.1
558.719	9.39
559.063	8.56
559.407	7.34
559.751	6.79
560.095	6.36
560.438	5.38
560.782	4.84
561.126	3.79
561.47	3.3
561.813	2.95
562.157	2.74
562.501	1.98
562.844	1.66
563.188	1.82
563.531	2.11
563.875	2.72
564.218	3.43
564.561	4.33
564.904	5.33
565.248	7.07
565.591	7.75
565.934	9.16
566.277	11.11
566.62	13.69
566.963	15.87
567.306	17.34
567.649	19.11
567.991	21
568.334	24.15
568.677	26.02
569.02	28.82
569.362	31.48
569.705	34.64
570.047	38.57
570.39	42.33
570.732	45.93
571.074	50.03
571.417	54.1
571.759	57.75
572.101	61.95
572.443	66.85
572.786	71.97
573.128	77.84
573.47	83.36
573.812	89.82
574.154	96.18
574.496	102.05
574.837	108.9
575.179	115.75
575.521	123.18
575.863	131.16
576.204	138.66
576.546	146.36
576.887	154
577.229	163.1
577.57	171.36
577.912	179.9
578.253	188.7
578.594	198.34
578.936	207.51
579.277	218.13
579.618	227.66
579.959	237.8
580.3	248.59
580.641	258.44
580.982	269.41
581.323	280.18
581.664	289.97
582.005	301.57
582.346	312.28
582.686	322.28
583.027	333.26
583.368	343.89
583.708	354.02
584.049	364.28
584.389	374.69
584.73	384.98
585.07	394.98
585.41	404.64
585.75	414.49
586.091	423.44
586.431	434.13
586.771	444
587.111	451.98
587.451	459.84
587.791	467.66
588.131	475.2
588.471	482.31
588.811	488.61
589.151	494.41
589.49	500.36
589.83	505.33
590.17	510.3
590.509	514.9
590.849	518.39
591.188	521.2
591.528	524.02
591.867	526.2
592.206	527.72
592.546	529.74
592.885	530.66
593.224	531.15
593.563	530.85
593.902	530.93
594.242	532.25
594.581	530.9
594.919	529.38
595.258	527.98
595.597	525.39
595.936	522.82
596.275	519.31
596.613	515.25
596.952	510.49
597.291	506.21
597.629	502.56
597.968	496.34
598.306	490.48
598.645	484.51
598.983	477.87
599.321	470.59
599.66	463.26
599.998	454.52
600.336	446.33
600.674	438
601.012	428.77
601.35	420.25
601.688	410.25
602.026	400.59
602.364	391.77
602.702	380.92
603.04	370.77
603.377	360.98
603.715	350.9
604.053	340.98
604.39	331.05
604.728	320.57
605.065	310.16
605.403	299.46
605.74	288.97
606.077	278.34
606.415	267.3
606.752	257.23
607.089	245.98
607.426	234.64
607.763	224.77
608.1	214.34
608.437	204.41
608.774	195.59
609.111	186.15
609.448	177.41
609.785	168.39
610.121	160.36
610.458	152.39
610.795	144.07
611.131	137.08
611.468	130.08
611.804	123.38
612.141	117
612.477	109.93
612.813	103.85
613.15	97.98
613.486	92.59
613.822	87.2
614.158	81.61
614.494	75.79
614.83	69.23
615.166	64.41
615.502	58.95
615.838	54.13
616.174	49.66
616.51	45.52
616.845	42.1
617.181	38.33
617.517	35.89
617.852	31.98
618.188	28.36
618.523	24.93
618.859	22.41
619.194	19.77
619.529	17.03
619.865	14.31
620.2	11.72
620.535	9.13
620.87	7.18
621.205	5.21
621.54	3.87
621.875	1.92
622.21	0.67
622.545	-0.25
622.88	-1.44
623.215	-2.28
623.549	-3.18
623.884	-3.69
624.219	-4.8
624.553	-5.52
624.888	-6.51
625.222	-6.93
625.557	-7.02
625.891	-7.79
626.225	-7.79
626.56	-7.87
626.894	-7.66
627.228	-8.28
627.562	-8.36
627.896	-8.21
628.23	-7.74
628.564	-7.67
628.898	-7.23
629.232	-7.38
629.566	-7.1
629.9	-6.82
630.233	-6.61
630.567	-6.62
630.901	-6.7
631.234	-6.43
631.568	-6.85
631.901	-7.07
632.235	-6.87
632.568	-7.13
632.901	-7.41
633.235	-6.64
633.568	-6.72
633.901	-6.25
634.234	-6.31
634.567	-5.54
634.9	-5.39
635.233	-5.54
635.566	-5.62
635.899	-4.85
636.232	-5.07
636.565	-5.49
636.897	-4.66
637.23	-4.93
637.563	-5.34
637.895	-5.77
638.228	-5.64
638.56	-5.66
638.893	-5.59
639.225	-5.66
639.557	-5.66
639.89	-5.16
640.222	-4.75
640.554	-3.79
640.886	-3.57
641.218	-3.3
641.55	-3.28
641.882	-3.41
642.214	-3.34
642.546	-3.21
642.878	-3.07
643.209	-2.64
643.541	-2.57
643.873	-2.72
644.204	-2.79
644.536	-2.79
644.867	-2.98
645.199	-2.7
645.53	-2.36
645.862	-2.56
646.193	-1.93
646.524	-1.51
646.855	-1.85
647.186	-1.72
647.517	-1.31
647.849	-1.02
648.18	-0.95
648.51	-2.13
648.841	-1.79
649.172	-1.87
649.503	-2.56
649.834	-2.26
650.164	-2.13
650.495	-1.87
650.826	-2
651.156	-2
651.487	-1.85
651.817	-1.92
652.147	-1.28
652.478	-1.33
652.808	-1.41
653.138	-0.92
653.468	-1.9
653.799	-1.75
654.129	-2.02
654.459	-2.15
654.789	-2.77
655.119	-2.43
655.448	-2.62
655.778	-2.39
656.108	-2.2
656.438	-1.85
656.767	-1.64
657.097	-2.49
657.426	-2.9
657.756	-2.7
658.085	-2.7
658.415	-2.49
658.744	-2.34
659.074	-1.87
659.403	-2.08
659.732	-1.74
660.061	-1.66
660.39	-1.66
660.719	-1.87
661.048	-0.97
661.377	-0.9
661.706	-0.28
662.035	0.15
662.364	0.15
662.692	0.77
663.021	0.56
663.35	-0.7
663.678	-0.62
664.007	-0.13
664.335	-0.05
664.664	-0.18
664.992	0.3
665.321	-0.11
665.649	-0.67
665.977	-0.95
666.305	-1.38
666.633	-1.67
666.961	-1.03
667.289	-1.1
667.617	-0.97
667.945	-1.67
668.273	-1.8
668.601	-1.31
668.929	-1.23
669.256	-1.36
669.584	-0.31
669.912	-0.33
670.239	-0.75
670.567	-0.8
670.894	-0.95
671.222	-1.51
671.549	-1.64
671.876	-1.64
672.203	-2.41
672.531	-2.28
672.858	-2
673.185	-2.07
673.512	-1.85
673.839	-1.51
674.166	-1.52
674.493	-1.69
674.819	-1.56
675.146	-1.9
675.473	-1.43
675.8	-1.51
676.126	-1.98
676.453	-2.2
676.779	-1.79
677.106	-2.48
677.432	-1.98
677.759	-1.77
678.085	-1.97
678.411	-2.18
678.737	-2.25
679.064	-2.23
679.39	-1.39
679.716	-1.82
680.042	-2.25
680.368	-3.02
680.694	-2.87
681.019	-3.49
681.345	-3.84
681.671	-4.48
681.997	-5.11
682.322	-4.56
682.648	-5.03
682.973	-4.74
683.299	-3.56
683.624	-3.84
683.95	-3.64
684.275	-3.79
684.6	-3.79
684.925	-3.92
685.251	-3.57
685.576	-3.64
685.901	-3.72
686.226	-3.64
686.551	-3.41
686.876	-3.77
687.2	-3.92
687.525	-4.48
687.85	-4.11
688.175	-3.98
688.499	-4.13
688.824	-4.62
689.148	-4.49
689.473	-4.98
689.797	-5.39
690.122	-5.11
690.446	-5.61
690.77	-5.11
691.095	-4.62
691.419	-4.36
691.743	-4.38
692.067	-3.69
692.391	-3.75
692.715	-3.97
693.039	-4.25
693.363	-4.33
693.686	-4.61
694.01	-4.87
694.334	-4.85
694.658	-4.56
694.981	-4.77
695.305	-4.92
695.628	-4.7
695.952	-4.72
696.275	-4.87
696.598	-4.57
696.922	-4.51
697.245	-4.66
697.568	-5.13
697.891	-5.28
698.214	-5.28
698.537	-5.15
698.86	-5.02
699.183	-5.38
699.506	-5.36
699.829	-5.43
700.151	-4.38
700.474	-4.8
700.797	-4.61
701.119	-4.48
701.442	-3.84
701.764	-3.48
702.087	-3.89
702.409	-3.62
702.732	-3.49
703.054	-3.7
703.376	-3.56
703.698	-4.26
704.02	-4.26
704.342	-4.13
704.664	-4.62
704.986	-4.41
705.308	-4.28
705.63	-4.36
705.952	-4.34
706.274	-4.43
706.595	-4.15
706.917	-3.85
707.239	-3.08
707.56	-3.1
707.882	-3.16
708.203	-2.89
708.525	-2.82
708.846	-2.74
709.167	-2.8
709.488	-2.33
709.81	-2.67
710.131	-2.46
710.452	-2.72
710.773	-2.79
711.094	-2.92
711.415	-3.03
711.735	-2.89
712.056	-2.97
712.377	-3.16
712.698	-3.1
713.018	-3.23
713.339	-3.59
713.659	-3.74
713.98	-3.95
714.3	-4.1
714.621	-3.48
714.941	-3.8
715.261	-4.02
715.581	-4.21
715.902	-3.84
716.222	-4.18
716.542	-3.9
716.862	-3.9
717.182	-3.7
717.502	-2.87
717.821	-2.38
718.141	-2.57
718.461	-2.92
718.781	-3.33
719.1	-3.28
719.42	-2.72
719.739	-2.79
720.059	-2.85
720.378	-3.11
720.698	-2.9
721.017	-3.74
721.336	-4.03
721.655	-4.11
721.974	-4.59
722.294	-4.93
722.613	-4.85
722.932	-4.72
723.251	-4.3
723.569	-3.95
723.888	-4.16
724.207	-3.82
724.526	-3.05
724.844	-3.26
725.163	-2.9
725.482	-2.57
725.8	-3.07
726.119	-2.98
726.437	-3.13
726.755	-4.1
727.074	-4.66
727.392	-4.79
727.71	-4.57
728.028	-4.15
728.346	-4.36
728.664	-4.64
728.982	-5.18
729.3	-4.97
729.618	-5.05
729.936	-4.92
730.254	-4.93
730.571	-4.66
730.889	-4.74
731.206	-5.1
731.524	-4.54
731.841	-3.92
732.159	-3.43
732.476	-3.21
732.794	-3.13
733.111	-2.7
733.428	-2.3
733.745	-2.15
734.062	-2.28
734.379	-1.59
734.696	-1.52
735.013	-1.18
735.33	-1.07
735.647	-1
735.964	-0.51
736.281	-0.08
736.597	0.2
736.914	-0.38
737.23	-0.51
737.547	-0.16
737.863	0.46
738.18	0.74
738.496	1.1
738.813	0.95
739.129	0.89
739.445	1.23
739.761	1.21
740.077	1.02
740.393	1.49
740.709	2.05
741.025	1.97
741.341	1.69
741.657	2.25
741.973	2.74
742.288	2.67
742.604	2.26
742.92	2.34
743.235	2.56
743.551	2.85
743.866	2.28
744.181	2.15
744.497	2.15
744.812	1.82
745.127	2.8
745.442	2.79
745.757	2.87
746.073	3.28
746.388	3.9
746.702	3.69
747.017	3.9
747.332	3.84
747.647	4.52
747.962	4.38
748.276	4.85
748.591	4.3
748.906	4.72
749.22	4.3
749.535	4.59
749.849	4.67
750.163	4.82
750.478	4.34
750.792	4.36
751.106	3.95
751.42	3.39
751.734	3.31
752.048	4.23
752.362	3.8
752.676	3.95
752.99	3.46
753.304	3.25
753.618	2.54
753.931	2.61
754.245	2.89
754.558	2.69
754.872	2.82
755.186	2.74
755.499	2.25
755.812	1.97
756.126	1.77
756.439	1.13
756.752	0.79
757.065	-0.05
757.378	-0.13
757.691	-1.05
758.004	-1.25
758.317	-0.84
758.63	-0.75
758.943	-0.89
759.256	-0.97
759.568	-0.82
759.881	-1.44
760.194	-1.15
760.506	-0.79
760.819	-1.43
761.131	-1.77
761.444	-1.77
761.756	-1.56
762.068	-1.34
762.38	-1.15
762.693	-1.44
763.005	-1.57
763.317	-1.16
763.629	-1.16
763.941	-1.1
764.253	-1.59
764.564	-1.85
764.876	-2
765.188	-2.13
765.5	-2.84
765.811	-2.43
766.123	-2.21
766.434	-2.43
766.746	-3.2
767.057	-2.85
767.369	-3.34
767.68	-3
767.991	-3.15
768.302	-3.08
768.613	-3.1
768.924	-3.67
769.235	-3.54
769.546	-3.13
769.857	-3.34
770.168	-2.8
770.479	-2.25
770.79	-2.44
771.1	-3.15
771.411	-2.8
771.722	-2.93
772.032	-2.31
772.343	-2.18
772.653	-1.62
772.963	-1.69
773.274	-1.97
773.584	-1.9
773.894	-2.39
774.204	-2.44
774.514	-1.9
774.824	-2.46
775.134	-1.84
775.444	-1.54
775.754	-1.69
776.064	-1.48
776.374	-1.31
776.683	-0.8
776.993	-0.54
777.302	-1.02
777.612	-1.02
777.921	-1.02
778.231	-1.08
778.54	-1.43
778.85	-0.92
779.159	-0.56
779.468	-0.21
779.777	0.62
780.086	0.28
780.395	0.34
780.704	0.75
781.013	-0.51
781.322	-0.9
781.631	-0.75
781.939	-0.33
782.248	-0.25
782.557	-0.66
782.865	-1.02
783.174	-1.66
783.482	-1.44
783.791	-1.52
784.099	-0.77
784.407	-0.2
784.716	-0.41
785.024	-0.97
785.332	-1.05
785.64	-0.98
785.948	-1.31
786.256	-0.54
786.564	-0.39
786.872	-0.18
787.18	0.23
787.487	0.23
787.795	0.16
788.103	0.64
788.41	0.92
788.718	0.9
789.025	0.36
789.333	-0.2
789.64	0.21
789.947	0.56
790.255	0.34
790.562	0.05
790.869	-0.16
791.176	-0.43
791.483	-0.7
791.79	-0.98
792.097	-0.77
792.404	-0.57
792.711	-0.51
793.017	-0.52
793.324	-1
793.631	-0.66
793.937	-0.85
794.244	-0.51
794.55	-0.92
794.857	-0.44
795.163	-0.05
795.469	-0.26
795.776	-0.61
796.082	-0.67
796.388	-0.82
796.694	-0.54
797	-0.05
797.306	0.23
797.612	0.02
797.918	-0.34
798.224	-0.34
798.529	-1.31
798.835	-1.33
799.141	-1.39
799.446	-2.08
799.752	-1.87
800.057	-1.82
800.363	-1.89
800.668	-2.59
800.973	-2.87
801.278	-2.61
801.584	-1.97
801.889	-1.61
802.194	-1.54
802.499	-1.05
802.804	-1.46
803.109	-1.39
803.413	-1.33
803.718	-1.48
804.023	-1.28
804.328	-1.13
804.632	-1.07
804.937	-1.69
805.241	-1.49
805.546	-1.77
805.85	-2.1
806.154	-1.8
806.459	-2.08
806.763	-2.69
807.067	-3.31
807.371	-3.57
807.675	-3.51
807.979	-3.38
808.283	-4
808.587	-4.41
808.891	-4.05
809.195	-3.41
809.498	-3.41
809.802	-2.87
810.106	-2.74
810.409	-2.52
810.713	-2.39
811.016	-2.87
811.319	-1.87
811.623	-2.21
811.926	-2.57
812.229	-2.98
812.532	-3.26
812.836	-3.49
813.139	-2.85
813.442	-3.33
813.744	-3.89
814.047	-3.54
814.35	-3.67
814.653	-3.05
814.956	-3.05
815.258	-3.11
815.561	-3.33
815.863	-3.48
816.166	-2.98
816.468	-2.92
816.771	-2.57
817.073	-2.3
817.375	-1.59
817.677	-1.74
817.979	-1.46
818.281	-0.97
818.583	-0.82
818.885	-0.9
819.187	-1.16
819.489	-1.16
819.791	-1.08
820.093	-0.87
820.394	-1.3
820.696	-1.3
820.998	-1.98
821.299	-2.2
821.6	-1.92
821.902	-1.92
822.203	-1.92
822.504	-1.7
822.806	-1.64
823.107	-1.7
823.408	-1.98
823.709	-2.75
824.01	-2.62
824.311	-2.56
824.612	-3.13
824.913	-2.66
825.213	-2.8
825.514	-2.89
825.815	-2.82
826.115	-2.62
826.416	-2.48
826.716	-2.11
827.017	-2.34
827.317	-2.7
827.617	-3.77
827.918	-3.79
828.218	-4.54
828.518	-5.02
828.818	-4.87
829.118	-5.15
829.418	-5.08
829.718	-5.66
830.018	-5.46
830.318	-5.02
830.617	-4.82
830.917	-4.82
831.217	-5.02
831.516	-5.25
831.816	-4.61
832.115	-4.87
832.415	-5
832.714	-5.43
833.013	-5.92
833.312	-5.44
833.612	-5.38
833.911	-5.66
834.21	-6
834.509	-6.92
834.808	-6.92
835.107	-7.62
835.405	-7.97
835.704	-8.25
836.003	-8.31
836.301	-8.05
836.6	-7.7
836.899	-7.57
837.197	-7.64
837.495	-7.02
837.794	-7.1
838.092	-7.25
838.39	-7.89
838.689	-7.46
838.987	-7.67
839.285	-7.52
839.583	-7.16
839.881	-6.89
840.179	-6.51
840.476	-6.3
840.774	-6.57
841.072	-6.79
841.37	-6.59
841.667	-6.8
841.965	-6.23
842.262	-6.43
842.56	-6.02
842.857	-6.64
843.154	-6.49
843.452	-5.93
843.749	-6.21
844.046	-6
844.343	-6.41
844.64	-6.62
844.937	-6.64
845.234	-6.34
845.531	-6.05
845.828	-5.69
846.125	-5.33
846.421	-4.92
846.718	-4.36
847.014	-4.66
847.311	-4.72
847.607	-5
847.904	-5.28
848.2	-5.48
848.496	-5.34
848.793	-5
849.089	-4.95
849.385	-4.18
849.681	-4.31
849.977	-4.52
850.273	-4.18
850.569	-4.61
850.865	-4.31
851.16	-4.03
851.456	-4.3
851.752	-4.3
852.047	-4.15
852.343	-4.07
852.638	-3.85
852.934	-3.64
853.229	-3.43
853.524	-2.72
853.82	-2.72
854.115	-2.72
854.41	-2.85
854.705	-3.15
855	-3.56
855.295	-3.48
855.59	-3.77
855.885	-3.41
856.179	-3.13
856.474	-3.05
856.769	-3.33
857.063	-2.85
857.358	-2.44
857.652	-3.08
857.947	-3.49
858.241	-3.15
858.536	-3.02
858.83	-2.8
859.124	-2.87
859.418	-2.08
859.712	-1.38
860.006	-1.59
860.3	-2
860.594	-2.34
860.888	-1.36
861.182	-1.15
861.475	-1.21
861.769	-0.23
862.063	0.05
862.356	0.33
862.65	1.1
862.943	1.61
863.237	2.43
863.53	2.77
863.823	3.26
864.116	3.54
864.41	3.97
864.703	3.61
864.996	3.9
865.289	3.48
865.582	4.18
865.874	4.54
866.167	4.97
866.46	5.1
866.753	5.18
867.045	5.13
867.338	4.36
867.63	4.79
867.923	4.7
868.215	4.41
868.507	5.38
868.8	5.79
869.092	5.72
869.384	5.79
869.676	6.34
869.968	6.61
870.26	7.15
870.552	7.62
870.844	7.62
871.136	7.49
871.427	7.26
871.719	7.05
872.011	7.39
872.302	7.67
872.594	7.97
872.885	8.18
873.177	8.25
873.468	8.48
873.759	8.39
874.05	8.18
874.342	8.51
874.633	8.85
874.924	8.72
875.215	8.66
875.506	9.07
875.796	9.05
876.087	8.28
876.378	8
876.669	8
876.959	7.85
877.25	7.28
877.54	7.21
877.831	7.36
878.121	8.05
878.412	7.7
878.702	7.15
878.992	7.02
879.282	6.23
879.572	5.61
879.862	4.9
880.152	5.05
880.442	4.63
880.732	4.33
881.022	3.6
881.312	3.12
881.601	2.87
881.891	2.22
882.18	1.7
882.47	1.83
882.759	1.69
883.049	2.24
883.338	2.02
883.627	1.88
883.917	1.72
884.206	1.3
884.495	1.33
884.784	1.55
885.073	1.98
885.362	1.81
885.65	1.76
885.939	2.25
886.228	1.67
886.517	1.37
886.805	1.05
887.094	0.61
887.382	-0.34
887.671	-0.59
887.959	-1.24
888.247	-1.94
888.536	-2
