155.485	-4.06
155.876	-3
156.266	-3.18
156.656	-3.82
157.046	-2.97
157.436	-2.78
157.826	-2.49
158.216	-2.53
158.606	-3.13
158.996	-2.95
159.386	-3.2
159.776	-3.43
160.166	-3.14
160.556	-2.95
160.945	-2.62
161.335	-2.59
161.725	-2.36
162.114	-2.12
162.504	-2.24
162.894	-1.94
163.283	-1.82
163.673	-2.04
164.062	-1.58
164.452	-1.22
164.841	-0.89
165.23	-0.73
165.62	-0.42
166.009	-0.19
166.398	-0.12
166.787	-0.12
167.177	-0.05
167.566	-0.26
167.955	-0.13
168.344	0.16
168.733	-0.18
169.122	-0.26
169.511	-0.34
169.9	-0.26
170.289	-0.11
170.678	-0.33
171.066	-0.05
171.455	-0.33
171.844	0.02
172.233	-0.18
172.621	-0.05
173.01	0.16
173.398	0.02
173.787	0.21
174.176	0.62
174.564	0.34
174.952	0.49
175.341	0.69
175.729	0.69
176.118	1.05
176.506	0.98
176.894	1.41
177.282	1.34
177.671	1.13
178.059	1.34
178.447	1.41
178.835	1.34
179.223	0.85
179.611	0.43
179.999	0.66
180.387	1.34
180.775	1.34
181.163	1.49
181.55	1.21
181.938	1.43
182.326	1.85
182.714	1.79
183.101	2.34
183.489	2.34
183.876	2.07
184.264	1.7
184.652	1.23
185.039	1.39
185.427	0.98
185.814	0.9
186.201	1.25
186.589	1.03
186.976	1.38
187.363	1.38
187.75	1.51
188.138	1.7
188.525	1.77
188.912	1.92
189.299	1.28
189.686	0.93
190.073	0.74
190.46	1.15
190.847	1.02
191.234	1.16
191.621	1.52
192.007	1.66
192.394	2.36
192.781	2.49
193.168	2.98
193.554	3.13
193.941	3.21
194.328	3.62
194.714	3.98
195.101	4.26
195.487	4.18
195.874	4.87
196.26	4.89
196.646	5.31
197.033	5.38
197.419	5.87
197.805	5.52
198.191	5.79
198.578	6.2
198.964	6.54
199.35	7.18
199.736	7.38
200.122	6.89
200.508	6.97
200.894	7.25
201.28	7.48
201.666	7.33
202.052	7.97
202.437	7.9
202.823	8.31
203.209	8.38
203.595	7.95
203.98	7.89
204.366	7.67
204.751	7.46
205.137	7.75
205.522	8.03
205.908	8.1
206.293	8.1
206.679	7.82
207.064	8.66
207.449	9.2
207.835	9.34
208.22	9.62
208.605	9.41
208.99	9.41
209.375	9.26
209.76	9.07
210.146	9.36
210.531	9.64
210.916	10.13
211.3	9.85
211.685	9.49
212.07	9.3
212.455	9.1
212.84	9.74
213.225	9.59
213.609	9.79
213.994	9.16
214.379	9.02
214.763	9.51
215.148	8.93
215.532	8.25
215.917	7.82
216.301	7.74
216.686	7.52
217.07	7.36
217.454	7.07
217.839	7.07
218.223	6.15
218.607	6.57
218.991	7.13
219.375	6.43
219.76	6.28
220.144	5.92
220.528	5.98
220.912	6.33
221.296	6.75
221.68	6.69
222.063	6.56
222.447	6.08
222.831	5.85
223.215	5.85
223.599	5.85
223.982	6.13
224.366	6.48
224.749	6.11
225.133	6.13
225.517	5.57
225.9	5.85
226.284	5.66
226.667	5.59
227.05	6.43
227.434	6.56
227.817	6.62
228.2	7.1
228.583	7.16
228.967	6.46
229.35	6.67
229.733	6.75
230.116	6.9
230.499	6.41
230.882	5.79
231.265	6.34
231.648	6.64
232.031	6.77
232.414	6.84
232.796	7.33
233.179	7.25
233.562	6.8
233.945	6.33
234.327	6.05
234.71	6.18
235.092	6.25
235.475	6.44
235.858	6.7
236.24	6.49
236.622	6.77
237.005	6.7
237.387	6.84
237.769	7.2
238.152	6.62
238.534	6.9
238.916	7.44
239.298	7.85
239.68	7.79
240.062	7.79
240.444	7.74
240.826	7.95
241.208	7.97
241.59	8.8
241.972	8.59
242.354	7.84
242.736	8.26
243.118	8.48
243.499	9.03
243.881	8.75
244.263	8.54
244.644	8.54
245.026	8.41
245.407	7.79
245.789	8.13
246.17	7.79
246.552	7.79
246.933	8.33
247.315	8.31
247.696	7.89
248.077	8.38
248.458	8.51
248.839	8.51
249.221	8.23
249.602	8.57
249.983	8.79
250.364	8.64
250.745	8.21
251.126	7.79
251.507	7.25
251.888	7.1
252.268	7.1
252.649	6.69
253.03	7.02
253.411	6.52
253.791	6.89
254.172	7.46
254.553	7.1
254.933	7.02
255.314	6.89
255.694	7.25
256.075	6.69
256.455	6.61
256.835	6.75
257.216	6.52
257.596	6.52
257.976	6.05
258.356	5.64
258.737	5.23
259.117	4.82
259.497	4.84
259.877	4.56
260.257	4.98
260.637	4.98
261.017	4.9
261.397	5.2
261.777	5.56
262.156	5.64
262.536	5.57
262.916	5.87
263.296	6.7
263.675	6.75
264.055	7.31
264.434	6.97
264.814	6.62
265.194	6.46
265.573	6.74
265.952	6.46
266.332	6.18
266.711	5.84
267.09	6.05
267.47	5.56
267.849	5.34
268.228	5.48
268.607	5.89
268.986	5.48
269.365	5.21
269.744	5.15
270.123	5.03
270.502	4.75
270.881	4.69
271.26	4.69
271.639	4.33
272.018	4.54
272.397	5.16
272.775	4.46
273.154	3.7
273.533	3.64
273.911	3.87
274.29	4.1
274.668	4.31
275.047	4.03
275.425	4.16
275.804	4.38
276.182	4.11
276.56	4.39
276.939	3.48
277.317	2.92
277.695	2.92
278.073	2.49
278.451	3.11
278.829	3.52
279.207	3.69
279.585	4.05
279.963	3.77
280.341	4.13
280.719	4.2
281.097	4.75
281.475	5.05
281.853	5.26
282.23	5.13
282.608	4.77
282.986	5.39
283.363	4.48
283.741	4.56
284.118	4.43
284.496	4.07
284.873	3.64
285.251	3.3
285.628	2.61
286.005	2.46
286.383	1.62
286.76	1.28
287.137	0.74
287.514	1.15
287.891	1.15
288.268	1.64
288.646	1.98
289.023	2.48
289.4	2.11
289.776	2.11
290.153	2.26
290.53	2.07
290.907	2
291.284	2.08
291.66	2.21
292.037	2.43
292.414	2.7
292.79	2.43
293.167	2.2
293.543	2.2
293.92	2.56
294.296	2.49
294.673	2.64
295.049	2.7
295.426	2.21
295.802	2.57
296.178	2.7
296.554	2.57
296.93	2.34
297.307	2.33
297.683	2.54
298.059	2.69
298.435	2.69
298.811	2.61
299.187	1.89
299.562	2.03
299.938	2.61
300.314	2.59
300.69	2.82
301.066	3.03
301.441	2.46
301.817	2.11
302.192	1.89
302.568	2.02
302.944	2.38
303.319	2.03
303.694	1.97
304.07	1.48
304.445	1.67
304.821	2.1
305.196	2.38
305.571	3.02
305.946	2.54
306.321	3.46
306.696	3.39
307.072	3.31
307.447	3.61
307.822	3.67
308.197	3.89
308.571	4.08
308.946	4.02
309.321	4.16
309.696	4.72
310.071	4.79
310.445	3.67
310.82	3.52
311.195	3.82
311.569	3.61
311.944	3.26
312.318	4.52
312.693	4.82
313.067	5.31
313.442	5.57
313.816	5.44
314.19	5.08
314.565	5.36
314.939	5.34
315.313	5.46
315.687	5.33
316.061	5.54
316.435	5.97
316.809	5.33
317.183	5.33
317.557	5.67
317.931	5.26
318.305	5.26
318.679	5.54
319.052	5.97
319.426	6.1
319.8	6.25
320.174	6.38
320.547	6.21
320.921	6.56
321.294	6.49
321.668	6.36
322.041	7.21
322.415	6.57
322.788	6.57
323.161	6.93
323.535	6.57
323.908	6.92
324.281	6.72
324.654	6.79
325.027	6.79
325.4	6.72
325.773	6.56
326.146	6.69
326.519	6.54
326.892	6.52
327.265	6.59
327.638	6.16
328.011	6.92
328.383	6.97
328.756	7.03
329.129	6.54
329.501	6.25
329.874	6.54
330.247	5.75
330.619	5.75
330.991	5.74
331.364	6.57
331.736	6.79
332.109	6.16
332.481	6.23
332.853	6.64
333.225	7.26
333.598	7.49
333.97	6.44
334.342	6.16
334.714	5.93
335.086	5.23
335.458	5.02
335.83	4.1
336.202	4.33
336.573	4.61
336.945	5.1
337.317	5.16
337.689	5.46
338.06	5.48
338.432	5.87
338.804	6.02
339.175	5.18
339.547	5.97
339.918	5.95
340.29	5.8
340.661	6.36
341.032	6.57
341.404	6.43
341.775	6.69
342.146	6.97
342.517	6.97
342.888	6.98
343.259	6.79
343.63	7
344.001	6.51
344.372	7
344.743	7.15
345.114	8.07
345.485	7.98
345.856	8.03
346.227	8.18
346.597	7.77
346.968	7.57
347.339	7.36
347.709	7.85
348.08	7.7
348.45	8
348.821	8.21
349.191	8.51
349.562	9.15
349.932	9.02
350.302	8.66
350.673	8.25
351.043	8.05
351.413	8.61
351.783	8.89
352.153	9.31
352.523	8.89
352.893	9.03
353.263	8.9
353.633	8.77
354.003	8.43
354.373	8.3
354.743	8.98
355.112	8.92
355.482	8.92
355.852	9.07
356.221	8.7
356.591	9.48
356.961	10.1
357.33	10.1
357.7	9.89
358.069	9.52
358.438	10.1
358.808	9.89
359.177	9.8
359.546	9.25
359.915	8.77
360.285	8.34
360.654	8.75
361.023	8.48
361.392	8.56
361.761	9.25
362.13	8.54
362.499	8.56
362.868	8.07
363.236	7.84
363.605	7.64
363.974	7.43
364.343	7.08
364.711	7.16
365.08	7.25
365.449	6.89
365.817	6.75
366.186	6.54
366.554	7.1
366.922	7.3
367.291	6.72
367.659	6.66
368.027	6.31
368.396	6.18
368.764	6.11
369.132	6.25
369.5	6.59
369.868	6.39
370.236	6.54
370.604	6.62
370.972	6.41
371.34	6.07
371.708	6.07
372.076	5.51
372.443	5.72
372.811	6
373.179	5.57
373.547	5.21
373.914	4.93
374.282	4.44
374.649	4.93
375.017	5.84
375.384	6.2
375.752	6.26
376.119	6.67
376.486	6.87
376.853	7.26
377.221	6.98
377.588	6.64
377.955	6.02
378.322	6.08
378.689	5.93
379.056	5.93
379.423	5.59
379.79	5.46
380.157	5.54
380.524	5.61
380.891	5.11
381.257	5.18
381.624	4.84
381.991	5.18
382.357	4.97
382.724	5.03
383.09	5.18
383.457	5.41
383.823	4.98
384.19	4.7
384.556	5.25
384.923	5.38
385.289	5.89
385.655	5.33
386.021	4.75
386.387	3.36
386.754	3.23
387.12	2.87
387.486	2.66
387.852	2.87
388.218	2.85
388.583	2.57
388.949	2.93
389.315	2.72
389.681	2.59
390.047	2.51
390.412	2.49
390.778	2.36
391.144	2.07
391.509	2.21
391.875	2.62
392.24	2.75
392.605	1.84
392.971	1.7
393.336	1.49
393.702	1.49
394.067	1.43
394.432	1.92
394.797	1.85
395.162	1.7
395.527	1.64
395.892	2.41
396.257	2.48
396.622	2.95
396.987	2.33
397.352	1.64
397.717	1.13
398.082	1.33
398.446	1.05
398.811	0.77
399.176	0.43
399.54	0.3
399.905	0.44
400.269	0.44
400.634	0.23
400.998	0.02
401.363	-0.69
401.727	-0.89
402.091	-0.67
402.456	-1.03
402.82	-1.03
403.184	-0.77
403.548	-0.77
403.912	0.56
404.276	0.15
404.64	0.08
405.004	0.1
405.368	-0.39
405.732	-0.61
406.096	-0.48
406.46	-0.75
406.823	-1.02
407.187	-1.02
407.551	-0.93
407.914	-0.74
408.278	-0.39
408.641	0.59
409.005	0.36
409.368	-0.28
409.732	0.13
410.095	0.07
410.458	0.07
410.822	0.54
411.185	0.82
411.548	0.34
411.911	-0.15
412.274	-0.7
412.637	-0.28
413	-0.08
413.363	-0.15
413.726	-0.36
414.089	-0.49
414.452	-0.28
414.815	0.43
415.177	0.07
415.54	0.34
415.903	0.49
416.265	0.48
416.628	0.18
416.99	0.23
417.353	0.51
417.715	0.15
418.078	0.02
418.44	-0.69
418.802	-0.95
419.165	-0.61
419.527	-0.48
419.889	-0.07
420.251	-0.82
420.613	-0.46
420.975	-0.66
421.337	-0.72
421.699	-0.57
422.061	-0.31
422.423	-0.11
422.785	0.51
423.147	1.15
423.508	1.64
423.87	1.98
424.232	2.05
424.593	2.62
424.955	2.62
425.316	3.03
425.678	2.97
426.039	2.48
426.401	2.97
426.762	3.66
427.123	4.34
427.484	4.13
427.846	3.85
428.207	3.79
428.568	4.2
428.929	4.33
429.29	3.9
429.651	4.16
430.012	4.2
430.373	4.62
430.734	5.67
431.095	6.31
431.455	6.95
431.816	6.39
432.177	6.46
432.537	6.61
432.898	6.13
433.258	5.43
433.619	5.77
433.979	6.84
434.34	7.33
434.7	6.92
435.06	7.28
435.421	7.82
435.781	7.82
436.141	7.61
436.501	7.61
436.861	7.69
437.221	7.82
437.581	7.39
437.941	7.74
438.301	7.8
438.661	7.97
439.021	7.49
439.381	7.36
439.741	7.57
440.1	6.8
440.46	7.38
440.82	7.59
441.179	7.39
441.539	7.82
441.898	7.92
442.258	8.2
442.617	7.97
442.976	8.74
443.336	8.67
443.695	8.51
444.054	8.51
444.413	8.03
444.772	7.75
445.131	7.9
445.49	7.13
445.849	7.28
446.208	7.28
446.567	7.13
446.926	7.2
447.285	6.79
447.644	7
448.002	6.93
448.361	7.08
448.72	6.74
449.078	6.39
449.437	6.89
449.795	7.51
450.154	8.07
450.512	7.57
450.87	7.3
451.229	7.02
451.587	6.75
451.945	6.74
452.303	7.3
452.662	6.8
453.02	6.31
453.378	5.89
453.736	6.44
454.094	6.59
454.452	6.3
454.809	6.51
455.167	7.21
455.525	7.21
455.883	6.98
456.241	6.57
456.598	6.79
456.956	6.38
457.313	6.26
457.671	6.2
458.028	5.57
458.386	5.43
458.743	5.2
459.1	5.69
459.458	6.39
459.815	5.9
460.172	5.9
460.529	5.11
460.886	5.61
461.243	6.23
461.6	6.44
461.957	6.85
462.314	6.85
462.671	6.57
463.028	7.2
463.385	6.84
463.742	6.41
464.098	6.97
464.455	7.54
464.812	6.85
465.168	7
465.525	7.21
465.881	6.66
466.237	6.85
466.594	6.8
466.95	6.51
467.306	6.79
467.663	6.43
468.019	6.08
468.375	5.87
468.731	5.54
469.087	5.41
469.443	5.61
469.799	4.75
470.155	4.39
470.511	4.11
470.867	3.84
471.223	3.7
471.578	3.56
471.934	2.98
472.29	3.36
472.645	3.57
473.001	4
473.356	4.18
473.712	4.31
474.067	3.84
474.423	3.97
474.778	3.9
475.133	4.11
475.489	3.77
475.844	3.64
476.199	4.07
476.554	3.7
476.909	3.62
477.264	3.82
477.619	3.75
477.974	4.3
478.329	4.56
478.684	4.54
479.039	4.89
479.393	5.23
479.748	6.13
480.103	7.05
480.457	7.61
480.812	8.31
481.166	9.02
481.521	10.07
481.875	10.84
482.23	12.38
482.584	12.85
482.938	12.79
483.293	13.7
483.647	15.67
484.001	17.07
484.355	18.72
484.709	20.1
485.063	21.87
485.417	24.46
485.771	27.11
486.125	29.15
486.479	31.66
486.832	34.38
487.186	37.05
487.54	40.34
487.894	43.57
488.247	47.21
488.601	50.51
488.954	54.64
489.308	58.07
489.661	61.77
490.014	65.97
490.368	69.8
490.721	73.79
491.074	78.11
491.427	83.57
491.781	88.82
492.134	94.21
492.487	99.31
492.84	104.48
493.193	110.08
493.546	115.97
493.898	122.11
494.251	127.92
494.604	134.15
494.957	140.18
495.309	146.69
495.662	152.26
496.015	158.77
496.367	166.33
496.72	174.38
497.072	180.87
497.425	188.61
497.777	196.16
498.129	204.43
498.482	211.77
498.834	219.75
499.186	228.92
499.538	237.31
499.89	245.59
500.242	254.54
500.594	262.93
500.946	271.13
501.298	279.8
501.65	288.18
502.002	296.93
502.353	305.39
502.705	313.51
503.057	322.18
503.408	330.72
503.76	338.97
504.111	346.8
504.463	355.49
504.814	364.1
505.166	372
505.517	379.41
505.868	387.05
506.22	394.07
506.571	401.05
506.922	408.61
507.273	414.84
507.624	420.84
507.975	428.16
508.326	434.89
508.677	440.82
509.028	447.39
509.379	453.62
509.73	459.07
510.08	465.15
510.431	470.18
510.782	475.7
511.132	481.31
511.483	486
511.833	490.95
512.184	496.18
512.534	499.34
512.885	502.92
513.235	506.2
513.585	509.9
513.935	513.2
514.286	515.7
514.636	518.16
514.986	520.54
515.336	522.7
515.686	525.16
516.036	526.77
516.386	527.26
516.735	528.74
517.085	530.79
517.435	531.64
517.785	531.56
518.134	531.07
518.484	531.7
518.834	530.95
519.183	529.98
519.533	528.72
519.882	528.16
520.231	526.77
520.581	523.33
520.93	520.69
521.279	517.95
521.628	514.95
521.978	512.51
522.327	510.46
522.676	507.52
523.025	503.56
523.374	500.41
523.723	497.34
524.071	493.84
524.42	489.28
524.769	484.87
525.118	480.62
525.466	476.66
525.815	472.38
526.164	468.03
526.512	463.49
526.861	459.57
527.209	455.25
527.557	450.69
527.906	446.43
528.254	440.89
528.602	436.2
528.951	431.03
529.299	424.82
529.647	418.74
529.995	413.64
530.343	407.34
530.691	401.66
531.039	395.23
531.387	389.28
531.735	383.39
532.082	377.52
532.43	371.51
532.778	365.57
533.125	359.79
533.473	353.08
533.82	347.69
534.168	341.41
534.515	334.98
534.863	328.21
535.21	321.92
535.557	315.56
535.905	309.31
536.252	302.74
536.599	295.87
536.946	289.02
537.293	282.51
537.64	277.18
537.987	270.25
538.334	263.67
538.681	256.74
539.028	250.25
539.375	243.39
539.721	237.16
540.068	231.57
540.415	225.69
540.761	219.18
541.108	212.89
541.454	206.44
541.801	201.41
542.147	195.87
542.494	190.33
542.84	184.67
543.186	178.3
543.532	171.93
543.879	165.98
544.225	160.38
544.571	154.43
544.917	148.05
545.263	142.54
545.609	137.31
545.955	132.49
546.3	127.59
546.646	122.89
546.992	117.72
547.338	112.48
547.683	107.23
548.029	102.28
548.374	97.66
548.72	93.25
549.065	88.28
549.411	83.18
549.756	78.72
550.101	75.36
550.447	71.85
550.792	68.28
551.137	64.77
551.482	61.34
551.827	58
552.172	55.11
552.517	51.43
552.862	48.28
553.207	45.48
553.552	42.54
553.897	39.67
554.241	36.38
554.586	34.56
554.931	32.46
555.275	29.79
555.62	27.97
555.964	25.7
556.309	23.8
556.653	22.48
556.998	20.93
557.342	19.61
557.686	18.7
558.03	17.43
558.375	16.1
558.719	14.92
559.063	13.75
559.407	12.48
559.751	12.28
560.095	11.72
560.438	11.1
560.782	10.84
561.126	9.57
561.47	9.08
561.813	9.1
562.157	8.48
562.501	8
562.844	7.31
563.188	7.03
563.531	7.2
563.875	6.9
564.218	7.11
564.561	7.25
564.904	7.67
565.248	8.31
565.591	8.38
565.934	8.72
566.277	8.93
566.62	9.98
566.963	10.41
567.306	10.62
567.649	11.41
567.991	12.1
568.334	13.13
568.677	13.69
569.02	14.38
569.362	15.21
569.705	16.13
570.047	17.31
570.39	19.05
570.732	20.28
571.074	21.25
571.417	22.25
571.759	22.95
572.101	24.21
572.443	26.03
572.786	27.44
573.128	28.92
573.47	30.72
573.812	32
574.154	33.39
574.496	34.85
574.837	37.02
575.179	39.67
575.521	40.52
575.863	42.28
576.204	44.38
576.546	45.92
576.887	47.67
577.229	49.43
577.57	51.95
577.912	54
578.253	56.25
578.594	58.21
578.936	60.39
579.277	62.84
579.618	65.07
579.959	68.49
580.3	70.89
580.641	73.25
580.982	75.75
581.323	78.61
581.664	80.62
582.005	83.34
582.346	85.8
582.686	88.46
583.027	90.98
583.368	93.84
583.708	96.36
584.049	98.95
584.389	100.89
584.73	103.69
585.07	105.85
585.41	108.38
585.75	110.33
586.091	112.07
586.431	114.03
586.771	116.43
587.111	118.38
587.451	119.77
587.791	121.02
588.131	122.84
588.471	124.36
588.811	126.05
589.151	127.18
589.49	128.85
589.83	129.84
590.17	131.1
590.509	132
590.849	132.98
591.188	133.82
591.528	133.49
591.867	134.49
592.206	135.39
592.546	136.21
592.885	136.21
593.224	135.38
593.563	135.02
593.902	134.82
594.242	135.23
594.581	135.36
594.919	134.74
595.258	134.52
595.597	134.38
595.936	133.41
596.275	133.33
596.613	132.21
596.952	131.59
597.291	130.54
597.629	129.41
597.968	128.36
598.306	126.28
598.645	124.3
598.983	122.95
599.321	121.2
599.66	119.16
599.998	117.36
600.336	115.33
600.674	112.31
601.012	110
601.35	107.28
601.688	104.75
602.026	102.25
602.364	99.31
602.702	96.79
603.04	94.2
603.377	91.74
603.715	89.08
604.053	86.51
604.39	84.48
604.728	81.89
605.065	79.66
605.403	77
605.74	74.97
606.077	72.67
606.415	70.3
606.752	68.34
607.089	66.18
607.426	63.57
607.763	61.13
608.1	58.69
608.437	57
608.774	55.03
609.111	52.16
609.448	50.13
609.785	47.67
610.121	45.51
610.458	44.05
610.795	41.93
611.131	41.03
611.468	39.3
611.804	37.28
612.141	36
612.477	33.75
612.813	31.51
613.15	30.05
613.486	28.8
613.822	28.1
614.158	26.56
614.494	25.49
614.83	23.48
615.166	22.02
615.502	20.84
615.838	19.23
616.174	17.21
616.51	15.82
616.845	15.05
617.181	14.05
617.517	12.44
617.852	11.61
618.188	10.92
618.523	9.93
618.859	9.3
619.194	9.03
619.529	7.57
619.865	6.74
620.2	6.33
620.535	5.49
620.87	4.66
621.205	4.7
621.54	4.84
621.875	4.77
622.21	4.85
622.545	4.43
622.88	4.56
623.215	3.87
623.549	3.59
623.884	3.23
624.219	2.89
624.553	2.8
624.888	2.1
625.222	2.18
625.557	2.46
625.891	2.25
626.225	2.11
626.56	1.75
626.894	1.9
627.228	1.62
627.562	1.33
627.896	1.13
628.23	2.1
628.564	2.3
628.898	2.03
629.232	2.1
629.566	2.59
629.9	2.52
630.233	3.59
630.567	3.87
630.901	3.7
631.234	3.08
631.568	1.97
631.901	1.89
632.235	1.61
632.568	1.84
632.901	1.9
633.235	2.61
633.568	2.46
633.901	2.66
634.234	2.46
634.567	2.89
634.9	3.1
635.233	2.89
635.566	2.59
635.899	2.72
636.232	2.8
636.565	2.44
636.897	3.28
637.23	2.51
637.563	2.39
637.895	2.93
638.228	2.92
638.56	3.69
638.893	3.41
639.225	3.56
639.557	3.77
639.89	4.33
640.222	4.74
640.554	5.3
640.886	5.43
641.218	6
641.55	5.18
641.882	4.98
642.214	5.26
642.546	5.18
642.878	5.46
643.209	5.75
643.541	6.03
643.873	6.03
644.204	6.11
644.536	6.52
644.867	6.31
645.199	6.59
645.53	6.7
645.862	6.23
646.193	6.36
646.524	6.79
646.855	6.64
647.186	7.05
647.517	7.46
647.849	8.16
648.18	8.51
648.51	7.74
648.841	7.82
649.172	8.38
649.503	7.74
649.834	7.89
650.164	7.74
650.495	7.38
650.826	7.1
651.156	7.25
651.487	7.89
651.817	8.1
652.147	8.66
652.478	8.93
652.808	9
653.138	9.21
653.468	8.66
653.799	8.95
654.129	8.48
654.459	8.82
654.789	8.89
655.119	8.54
655.448	9.18
655.778	9.89
656.108	9.95
656.438	10.49
656.767	10.36
657.097	10.28
657.426	10.36
657.756	10.62
658.085	10.64
658.415	11.28
658.744	10.44
659.074	10.64
659.403	10.28
659.732	10.48
660.061	10.28
660.39	9.72
660.719	9.21
661.048	9.62
661.377	9.13
661.706	9.82
662.035	9.89
662.364	9.33
662.692	9.54
663.021	9.2
663.35	8.49
663.678	8.84
664.007	9.18
664.335	8.82
664.664	8.26
664.992	8.2
665.321	7.92
665.649	8
665.977	7.85
666.305	7.92
666.633	7.28
666.961	7.51
667.289	7.08
667.617	7.02
667.945	6.39
668.273	5.98
668.601	5.92
668.929	5.85
669.256	5.16
669.584	5.89
669.912	5.8
670.239	6.43
670.567	6.02
670.894	5.33
671.222	4.85
671.549	4.57
671.876	4.49
672.203	3.93
672.531	4.43
672.858	4.84
673.185	4.49
673.512	4.56
673.839	5.05
674.166	5.44
674.493	5.08
674.819	5.36
675.146	5.43
675.473	5.56
675.8	5.28
676.126	5.49
676.453	5.49
676.779	6.05
677.106	5.7
677.432	5.92
677.759	6.21
678.085	6.07
678.411	5.43
678.737	5.84
679.064	5.79
679.39	6.56
679.716	6.15
680.042	5.85
680.368	5.7
680.694	5.72
681.019	5.52
681.345	5.03
681.671	4.75
681.997	4.54
682.322	4.82
682.648	4.33
682.973	4.18
683.299	4.67
683.624	4.26
683.95	4.33
684.275	4.62
684.6	5.33
684.925	5.26
685.251	5.61
685.576	4.84
685.901	4.75
686.226	4.28
686.551	4.28
686.876	3.98
687.2	3.92
687.525	3.36
687.85	3.64
688.175	3.98
688.499	3.84
688.824	3.56
689.148	4.03
689.473	3.61
689.797	3.13
690.122	1.89
690.446	1.75
690.77	2.66
691.095	2.85
691.419	3.05
691.743	3.05
692.067	3.39
692.391	2.9
692.715	2.34
693.039	2.28
693.363	2.43
693.686	1.66
694.01	0.9
694.334	0.9
694.658	0.41
694.981	-0.02
695.305	-0.79
695.628	-0.44
695.952	-0.79
696.275	-1.07
696.598	-1.13
696.922	-1.54
697.245	-1.69
697.568	-1.9
697.891	-1.97
698.214	-2.02
698.537	-1.87
698.86	-1.8
699.183	-2.57
699.506	-2.85
699.829	-2.51
700.151	-2.3
700.474	-2.16
700.797	-2.25
701.119	-1.62
701.442	-0.98
701.764	-0.98
702.087	-1.18
702.409	-0.84
702.732	-0.28
703.054	-0.21
703.376	-0.15
703.698	-0.85
704.02	-1.21
704.342	-1.72
704.664	-2.07
704.986	-2.13
705.308	-2.07
705.63	-1.92
705.952	-1.7
706.274	-1.62
706.595	-1.28
706.917	-1.54
707.239	-0.92
707.56	-0.92
707.882	-1.26
708.203	-0.9
708.525	-0.49
708.846	-0.56
709.167	-0.77
709.488	-0.3
709.81	0.26
710.131	0.75
710.452	0.34
710.773	0.07
711.094	-0.07
711.415	-0.2
711.735	-0.2
712.056	-0.28
712.377	-0.48
712.698	-0.69
713.018	-0.69
713.339	-0.21
713.659	0.2
713.98	0.13
714.3	0.7
714.621	1.13
714.941	1.43
715.261	1.79
715.581	1.85
715.902	2.08
716.222	1.93
716.542	2.07
716.862	2
717.182	1.85
717.502	2.48
717.821	2.54
718.141	1.98
718.461	2.2
718.781	2.26
719.1	2.52
719.42	2.95
719.739	3.02
720.059	3.51
720.378	3.66
720.698	3.8
721.017	2.82
721.336	2.67
721.655	2.93
721.974	2.61
722.294	2.48
722.613	2.41
722.932	2.69
723.251	2.9
723.569	3.33
723.888	3.69
724.207	4.16
724.526	5
724.844	5.07
725.163	5.77
725.482	6.11
725.8	6.16
726.119	5.48
726.437	5.82
726.755	5.13
727.074	4.7
727.392	4.77
727.71	5.18
728.028	5.18
728.346	4.69
728.664	4.9
728.982	4.77
729.3	4.21
729.618	4.26
729.936	4.46
730.254	4.66
730.571	5.08
730.889	4.8
731.206	4.89
731.524	5.74
731.841	6.36
732.159	7.2
732.476	7.33
732.794	6.64
733.111	6.66
733.428	7
733.745	6.15
734.062	6.57
734.379	6.98
734.696	6.41
735.013	6.9
735.33	7.08
735.647	7.08
735.964	7.72
736.281	8.21
736.597	8.43
736.914	7.79
737.23	8.21
737.547	8.15
737.863	8.21
738.18	8.57
738.496	8.44
738.813	8.23
739.129	8.52
739.445	8.25
739.761	7.89
740.077	7.82
740.393	8.57
740.709	8.72
741.025	8.23
741.341	8.36
741.657	8.36
741.973	9.13
742.288	9
742.604	8.95
742.92	8.67
743.235	8.61
743.551	8.41
743.866	7.85
744.181	7.51
744.497	7.21
744.812	7.15
745.127	7.31
745.442	8.15
745.757	7.66
746.073	8.34
746.388	8.69
746.702	8.49
747.017	8.02
747.332	7.61
747.647	8.23
747.962	8.43
748.276	8.43
748.591	8.92
748.906	8.51
749.22	8.3
749.535	8.39
749.849	8.33
750.163	8.95
750.478	8.38
750.792	8.1
751.106	7.89
751.42	7.48
751.734	7.48
752.048	7.89
752.362	7.95
752.676	7.89
752.99	8.25
753.304	7.75
753.618	7.26
753.931	7.28
754.245	7.34
754.558	6.67
754.872	7.02
755.186	6.3
755.499	5.93
755.812	5.79
756.126	5.79
756.439	5.08
756.752	5.64
757.065	5.3
757.378	5.07
757.691	4.16
758.004	4.18
758.317	4.38
758.63	4.38
758.943	4.44
759.256	4.36
759.568	4.23
759.881	3.52
760.194	3.74
760.506	3.89
760.819	3.61
761.131	2.77
761.444	2.84
761.756	3.38
762.068	3.59
762.38	3.64
762.693	3.98
763.005	3.92
763.317	4.34
763.629	4.08
763.941	3.52
764.253	2.95
764.564	2.48
764.876	2.82
765.188	2.33
765.5	2.11
765.811	2.44
766.123	2.57
766.434	3.2
766.746	2.98
767.057	2.92
767.369	3.11
767.68	3.1
767.991	3.23
768.302	3.23
768.613	3.28
768.924	2.85
769.235	2.51
769.546	2.79
769.857	2.85
770.168	3.34
770.479	3.41
770.79	2.85
771.1	2.93
771.411	3.13
771.722	3.21
772.032	3
772.343	3
772.653	3.13
772.963	3.26
773.274	2.98
773.584	3.52
773.894	3.31
774.204	3.67
774.514	3.74
774.824	3.25
775.134	3.89
775.444	4.02
775.754	3.87
776.064	4.08
776.374	4.25
776.683	4.8
776.993	4.51
777.302	4.46
777.612	4.39
777.921	4.61
778.231	4.39
778.54	4.05
778.85	4.77
779.159	5.2
779.468	5.18
779.777	5.52
780.086	5.31
780.395	4.97
780.704	4.48
781.013	3.77
781.322	3.72
781.631	3.23
781.939	3.03
782.248	2.97
782.557	3.05
782.865	3.03
783.174	2.74
783.482	3.08
783.791	2.74
784.099	3.23
784.407	3.16
784.716	2.89
785.024	2.89
785.332	2.54
785.64	2.82
785.948	2.62
786.256	2.34
786.564	2.36
786.872	3.05
787.18	3.2
787.487	3.54
787.795	3.82
788.103	3.8
788.41	3.8
788.718	3.93
789.025	3.38
789.333	3.23
789.64	3.44
789.947	3.7
790.255	3.51
790.562	2.59
790.869	2.93
791.176	2.93
791.483	3.23
791.79	3.1
792.097	2.82
792.404	2.54
792.711	2.54
793.017	2.25
793.324	2.11
793.631	1.79
793.937	1.38
794.244	2.15
794.55	1.8
794.857	1.66
795.163	2.05
795.469	2.48
795.776	2.13
796.082	1.77
796.388	1.48
796.694	1.28
797	1.92
797.306	2.28
797.612	2.41
797.918	2.13
798.224	2.21
798.529	2.08
798.835	2.36
799.141	2.98
799.446	3.21
799.752	3.85
800.057	3.7
800.363	4.26
800.668	4.31
800.973	4.52
801.278	4.72
801.584	5.38
801.889	6.1
802.194	6.44
802.499	7.07
802.804	7.21
803.109	7.85
803.413	7.92
803.718	8.07
804.023	8.05
804.328	7.64
804.632	7.49
804.937	7.84
805.241	8.66
805.546	7.98
805.85	7.92
806.154	8.34
806.459	7.79
806.763	7.95
807.067	7.89
807.371	7.54
807.675	8.18
807.979	8.25
808.283	8.1
808.587	7.56
808.891	7.98
809.195	9.03
809.498	8.62
809.802	9.25
810.106	8.8
810.409	8.66
810.713	9.15
811.016	9.23
811.319	9.31
811.623	9.39
811.926	9.67
812.229	10.21
812.532	9.57
812.836	8.95
813.139	9.23
813.442	9.3
813.744	8.95
814.047	9.02
814.35	9.3
814.653	9.93
814.956	10.43
815.258	10.49
815.561	10.36
815.863	10.13
816.166	10.56
816.468	10.61
816.771	11.3
817.073	11.08
817.375	11.56
817.677	11.28
817.979	10.98
818.281	10.77
818.583	11.2
818.885	10.56
819.187	9.8
819.489	9.74
819.791	9.25
820.093	9.16
820.394	9.21
820.696	8.66
820.998	8.1
821.299	7.46
821.6	7.59
821.902	7.8
822.203	7.03
822.504	6.82
822.806	6.82
823.107	7.18
823.408	6.7
823.709	5.31
824.01	5.23
824.311	5.08
824.612	4.59
824.913	5
825.213	4.7
825.514	4.3
825.815	4.38
826.115	4.08
826.416	3.95
826.716	3.97
827.017	3.82
827.317	3.18
827.617	2.69
827.918	2.89
828.218	1.85
828.518	1.95
828.818	2.1
829.118	2.23
829.418	2.15
829.718	2.15
830.018	2.07
830.318	2
830.617	1.93
830.917	2.23
831.217	2.02
831.516	2.08
831.816	2.51
832.115	2.1
832.415	2.1
832.714	1.89
833.013	1.31
833.312	1.52
833.612	1.54
833.911	1.46
834.21	1.26
834.509	0.54
834.808	0.49
835.107	-0.41
835.405	-0.62
835.704	-0.95
836.003	-1.23
836.301	-0.82
836.6	-0.61
836.899	-0.84
837.197	-0.26
837.495	0.85
837.794	0.75
838.092	1.03
838.39	0.41
838.689	0.77
838.987	1.05
839.285	1.82
839.583	2.1
839.881	1.97
840.179	1.92
840.476	2.39
840.774	2.54
841.072	2.54
841.37	3.02
841.667	2.95
841.965	3.72
842.262	3.87
842.56	3.87
842.857	3.18
843.154	3.18
843.452	3.39
843.749	3.31
844.046	3.23
844.343	2.54
844.64	2.74
844.937	2.93
845.234	3.07
845.531	3.41
845.828	3.49
846.125	3.57
846.421	3.62
846.718	3.41
847.014	3.18
847.311	2.56
847.607	2.36
847.904	2.15
848.2	2.36
848.496	2.43
848.793	2.56
849.089	2.26
849.385	3.1
849.681	3.18
849.977	2.77
850.273	2.77
850.569	1.87
850.865	2.36
851.16	2.08
851.456	1.54
851.752	1.87
852.047	1.18
852.343	1.03
852.638	1.05
852.934	1.11
853.229	0.98
853.524	1.69
853.82	1.67
854.115	2.02
854.41	1.97
854.705	2.02
855	1.67
855.295	2.03
855.59	1.89
855.885	2.38
856.179	2.51
856.474	2.7
856.769	2.3
857.063	2.21
857.358	1.51
857.652	0.8
857.947	0.38
858.241	0.79
858.536	0.57
858.83	0.66
859.124	1.08
859.418	0.75
859.712	1.1
860.006	1.11
860.3	0.77
860.594	0.36
860.888	1.11
861.182	0.56
861.475	0.62
861.769	1.26
862.063	1.33
862.356	1.95
862.65	2.38
862.943	2.61
863.237	3.16
863.53	3.52
863.823	3.38
864.116	3.51
864.41	4.15
864.703	4.28
864.996	4.3
865.289	4.21
865.582	4.62
865.874	4.9
866.167	4.77
866.46	4.64
866.753	4.66
867.045	5.23
867.338	4.74
867.63	4.59
867.923	4.16
868.215	4.51
868.507	5.54
868.8	5.39
869.092	5.82
869.384	5.38
869.676	5.66
869.968	6.34
870.26	6.98
870.552	7.18
870.844	6.98
871.136	7.05
871.427	7.03
871.719	7.11
872.011	6.84
872.302	6.69
872.594	6.64
872.885	7
873.177	5.87
873.468	5.25
873.759	4.62
874.05	4.07
874.342	4.49
874.633	4.28
874.924	4.15
875.215	4.51
875.506	5.08
875.796	5.43
876.087	4.8
876.378	4.67
876.669	4.31
876.959	3.8
877.25	3.92
877.54	3.92
877.831	3.7
878.121	4.18
878.412	4.52
878.702	3.9
878.992	4.82
879.282	4.48
879.572	4.11
879.862	3.84
880.152	3.68
880.442	3.17
880.732	2.91
881.022	2.53
881.312	2.11
881.601	2.22
881.891	1.94
882.18	1.74
882.47	1.77
882.759	1.88
883.049	2.02
883.338	1.71
883.627	1.67
883.917	1.7
884.206	1.54
884.495	1.67
884.784	1.59
885.073	1.53
885.362	1.57
885.65	2.12
885.939	2.07
886.228	1.59
886.517	1.42
886.805	1.11
887.094	1.75
887.382	0.71
887.671	0.24
887.959	-0.55
888.247	-0.69
888.536	-0.32
